# Simple Text Format
# Sampling Rate (Hz):= 1200.00
# Resolution:= 12
# Labels:= ECG	V1
# Age:=	33
# Gender:=	Masculino
-166
-167
-168
-168
-168
-169
-169
-169
-169
-170
-170
-170
-171
-171
-172
-171
-172
-172
-172
-173
-172
-172
-173
-173
-173
-173
-173
-173
-174
-174
-174
-174
-174
-174
-174
-175
-175
-175
-175
-175
-175
-176
-176
-175
-175
-175
-176
-176
-176
-176
-176
-176
-176
-176
-176
-175
-175
-176
-176
-176
-176
-175
-174
-175
-175
-174
-174
-174
-174
-174
-174
-174
-174
-174
-174
-174
-174
-174
-174
-174
-174
-175
-174
-174
-174
-174
-174
-175
-175
-175
-175
-175
-175
-175
-174
-175
-175
-174
-174
-174
-175
-175
-174
-174
-174
-173
-173
-174
-174
-173
-173
-173
-172
-172
-172
-172
-172
-171
-171
-170
-170
-170
-170
-169
-169
-168
-168
-168
-168
-168
-168
-167
-167
-167
-166
-166
-166
-166
-165
-165
-165
-166
-166
-165
-164
-164
-164
-164
-165
-165
-163
-164
-163
-163
-163
-164
-164
-164
-164
-164
-164
-163
-164
-164
-164
-164
-164
-165
-165
-165
-165
-165
-165
-166
-166
-166
-166
-167
-167
-167
-168
-168
-169
-169
-170
-170
-170
-171
-172
-172
-173
-172
-173
-173
-174
-174
-175
-176
-176
-177
-178
-178
-179
-180
-180
-180
-181
-181
-182
-183
-184
-184
-185
-185
-186
-187
-187
-187
-187
-188
-189
-189
-189
-189
-189
-189
-189
-189
-189
-188
-189
-188
-188
-187
-187
-188
-187
-186
-186
-186
-185
-186
-186
-185
-185
-185
-185
-185
-184
-184
-183
-183
-183
-183
-183
-182
-182
-182
-181
-181
-181
-181
-181
-180
-180
-180
-179
-180
-179
-179
-178
-178
-178
-178
-178
-177
-177
-176
-176
-176
-176
-176
-175
-175
-175
-175
-174
-174
-174
-174
-174
-173
-174
-174
-174
-174
-173
-173
-173
-173
-173
-173
-173
-173
-173
-173
-172
-173
-173
-173
-172
-172
-172
-172
-172
-172
-172
-172
-172
-172
-172
-172
-172
-171
-171
-171
-171
-171
-170
-170
-171
-170
-170
-170
-170
-169
-169
-170
-170
-169
-169
-170
-170
-170
-170
-170
-170
-170
-171
-171
-171
-171
-171
-171
-170
-170
-170
-170
-170
-170
-170
-171
-171
-171
-171
-170
-170
-170
-170
-170
-170
-170
-169
-169
-170
-170
-170
-170
-170
-170
-170
-169
-169
-169
-169
-169
-169
-169
-170
-170
-170
-169
-169
-169
-169
-169
-168
-168
-169
-169
-169
-168
-168
-168
-168
-169
-169
-169
-169
-169
-169
-169
-169
-169
-170
-170
-170
-170
-170
-171
-171
-171
-172
-172
-171
-171
-171
-172
-172
-172
-172
-171
-171
-171
-171
-172
-171
-171
-171
-171
-171
-171
-171
-171
-172
-172
-172
-172
-172
-172
-172
-171
-172
-172
-172
-172
-171
-172
-172
-172
-172
-172
-172
-172
-172
-172
-172
-172
-172
-172
-172
-172
-172
-172
-172
-172
-172
-172
-172
-172
-172
-172
-173
-172
-172
-172
-172
-172
-172
-173
-172
-172
-172
-172
-172
-172
-172
-172
-172
-172
-172
-172
-172
-172
-172
-172
-172
-172
-172
-172
-172
-171
-171
-171
-172
-172
-172
-172
-171
-171
-172
-172
-172
-172
-171
-171
-171
-171
-171
-171
-171
-171
-172
-172
-173
-172
-172
-172
-172
-172
-172
-172
-172
-173
-174
-173
-174
-174
-174
-174
-174
-173
-173
-173
-173
-173
-173
-173
-173
-172
-172
-172
-172
-172
-171
-171
-171
-171
-171
-172
-171
-171
-171
-172
-172
-172
-173
-173
-171
-172
-172
-172
-172
-171
-171
-172
-172
-171
-171
-171
-171
-171
-170
-171
-171
-171
-171
-171
-171
-172
-172
-173
-174
-173
-174
-174
-175
-176
-176
-177
-178
-179
-179
-180
-181
-182
-183
-183
-184
-184
-185
-186
-186
-187
-187
-187
-188
-188
-188
-189
-189
-190
-189
-189
-189
-188
-189
-188
-187
-187
-187
-187
-186
-186
-185
-184
-184
-183
-183
-183
-182
-182
-181
-182
-181
-181
-180
-179
-179
-179
-178
-178
-177
-176
-176
-175
-174
-174
-173
-173
-172
-171
-170
-170
-169
-169
-168
-168
-167
-167
-167
-167
-167
-167
-166
-167
-166
-166
-167
-167
-167
-168
-168
-168
-168
-167
-167
-168
-168
-168
-168
-168
-168
-168
-167
-167
-166
-166
-166
-166
-165
-165
-165
-164
-164
-164
-164
-164
-164
-164
-164
-163
-164
-164
-164
-164
-164
-165
-164
-164
-165
-165
-165
-165
-166
-165
-165
-166
-166
-166
-166
-167
-167
-167
-167
-166
-166
-166
-166
-165
-165
-165
-165
-163
-163
-162
-161
-160
-158
-156
-154
-153
-151
-149
-147
-144
-142
-140
-138
-137
-136
-135
-134
-135
-136
-139
-143
-148
-152
-160
-167
-175
-185
-195
-206
-217
-230
-243
-256
-269
-282
-295
-308
-320
-331
-341
-349
-356
-361
-364
-367
-369
-368
-366
-363
-358
-352
-345
-336
-326
-316
-304
-294
-281
-270
-257
-246
-234
-222
-211
-200
-190
-181
-172
-163
-156
-150
-145
-139
-135
-132
-128
-126
-123
-123
-121
-121
-120
-121
-121
-122
-123
-124
-125
-127
-127
-129
-131
-133
-134
-136
-138
-139
-141
-142
-145
-147
-148
-149
-150
-152
-152
-153
-154
-155
-156
-156
-157
-158
-158
-158
-158
-159
-159
-159
-160
-161
-161
-161
-161
-162
-162
-163
-163
-163
-163
-164
-164
-164
-165
-165
-166
-166
-165
-166
-166
-167
-167
-167
-167
-167
-168
-167
-167
-167
-167
-167
-167
-167
-167
-167
-167
-167
-167
-167
-167
-167
-168
-168
-168
-167
-168
-168
-168
-168
-167
-168
-168
-168
-168
-168
-168
-168
-169
-168
-168
-168
-168
-168
-169
-169
-169
-170
-170
-170
-170
-169
-169
-170
-170
-171
-171
-171
-171
-170
-170
-171
-171
-171
-171
-171
-171
-170
-170
-169
-170
-170
-170
-169
-169
-169
-169
-169
-169
-168
-168
-168
-168
-168
-168
-168
-167
-167
-167
-167
-167
-167
-166
-167
-167
-166
-166
-166
-166
-166
-165
-165
-165
-164
-164
-164
-164
-163
-163
-163
-162
-162
-162
-161
-161
-161
-160
-159
-159
-159
-159
-159
-159
-159
-158
-159
-159
-158
-158
-157
-157
-157
-157
-157
-156
-156
-157
-156
-156
-156
-156
-156
-156
-156
-156
-156
-156
-156
-156
-156
-157
-157
-156
-157
-157
-158
-158
-158
-158
-159
-158
-159
-159
-159
-160
-160
-161
-160
-161
-161
-162
-162
-163
-163
-163
-164
-164
-165
-165
-165
-166
-167
-167
-168
-169
-169
-170
-171
-171
-172
-172
-173
-174
-175
-175
-176
-176
-177
-177
-178
-178
-179
-179
-179
-179
-179
-180
-180
-181
-180
-180
-180
-180
-181
-180
-180
-179
-180
-179
-179
-180
-179
-179
-179
-178
-178
-178
-178
-177
-178
-177
-177
-177
-176
-176
-176
-175
-176
-175
-175
-174
-174
-174
-174
-174
-173
-172
-173
-172
-172
-172
-171
-171
-171
-171
-171
-171
-170
-170
-170
-171
-170
-170
-170
-170
-170
-170
-169
-169
-169
-169
-169
-169
-168
-168
-168
-168
-168
-168
-168
-167
-167
-167
-166
-166
-166
-166
-166
-166
-166
-166
-166
-165
-165
-166
-166
-166
-166
-166
-166
-167
-166
-166
-166
-166
-166
-166
-165
-165
-165
-164
-164
-164
-164
-163
-163
-163
-163
-163
-163
-163
-162
-162
-162
-162
-162
-162
-162
-162
-162
-162
-162
-163
-163
-162
-162
-163
-163
-162
-162
-162
-162
-162
-162
-162
-162
-162
-162
-162
-161
-161
-161
-161
-161
-161
-161
-161
-161
-161
-161
-161
-161
-161
-161
-161
-161
-161
-161
-161
-161
-161
-161
-162
-161
-161
-161
-161
-161
-161
-161
-162
-162
-162
-162
-162
-162
-162
-163
-163
-163
-163
-163
-163
-164
-164
-164
-164
-164
-164
-164
-164
-164
-164
-164
-164
-164
-164
-164
-164
-165
-165
-165
-165
-166
-166
-166
-166
-166
-166
-166
-167
-167
-167
-167
-167
-167
-167
-168
-168
-168
-168
-168
-168
-168
-168
-168
-168
-168
-168
-168
-168
-168
-168
-169
-169
-169
-168
-168
-168
-168
-168
-168
-168
-168
-168
-168
-168
-168
-168
-168
-168
-168
-168
-168
-168
-168
-168
-168
-169
-169
-168
-168
-169
-169
-168
-168
-168
-168
-167
-167
-167
-167
-167
-167
-167
-167
-167
-167
-167
-167
-167
-167
-167
-167
-167
-167
-167
-167
-167
-167
-167
-167
-167
-167
-167
-167
-167
-167
-167
-167
-166
-166
-167
-167
-167
-167
-167
-167
-167
-167
-167
-167
-167
-167
-167
-167
-167
-167
-167
-167
-168
-168
-167
-167
-167
-167
-168
-168
-168
-168
-167
-167
-167
-167
-167
-167
-167
-167
-167
-167
-167
-167
-167
-168
-168
-167
-167
-167
-167
-167
-167
-167
-168
-168
-168
-168
-168
-168
-168
-168
-168
-167
-168
-168
-168
-167
-167
-167
-168
-168
-168
-168
-169
-169
-168
-168
-169
-169
-169
-169
-169
-170
-170
-170
-170
-170
-169
-169
-169
-169
-169
-169
-169
-169
-169
-169
-169
-169
-169
-169
-168
-168
-169
-169
-169
-169
-169
-169
-169
-169
-169
-169
-169
-169
-169
-170
-170
-170
-170
-170
-170
-170
-170
-170
-170
-170
-170
-171
-171
-170
-170
-171
-171
-171
-171
-172
-172
-172
-172
-172
-171
-172
-172
-172
-172
-172
-171
-171
-171
-171
-172
-171
-170
-171
-171
-170
-170
-170
-170
-170
-170
-169
-169
-169
-169
-168
-169
-169
-169
-168
-169
-168
-168
-169
-169
-169
-169
-169
-170
-170
-171
-170
-171
-172
-172
-173
-174
-174
-175
-176
-177
-178
-178
-179
-180
-181
-182
-183
-183
-184
-184
-186
-187
-187
-188
-188
-188
-188
-189
-189
-189
-188
-188
-188
-187
-188
-187
-187
-186
-186
-185
-185
-184
-184
-184
-183
-183
-182
-183
-182
-182
-182
-181
-182
-181
-181
-181
-181
-180
-180
-179
-178
-178
-178
-177
-176
-176
-175
-174
-174
-173
-173
-172
-172
-171
-171
-171
-170
-170
-170
-170
-169
-170
-170
-170
-170
-169
-169
-170
-170
-170
-170
-170
-170
-170
-170
-170
-170
-170
-170
-170
-170
-170
-169
-169
-169
-169
-169
-169
-169
-170
-170
-170
-169
-170
-170
-170
-170
-170
-170
-170
-170
-171
-171
-171
-171
-171
-171
-171
-171
-170
-170
-171
-171
-171
-171
-171
-171
-172
-172
-171
-171
-172
-172
-172
-172
-172
-172
-172
-172
-172
-171
-171
-170
-169
-167
-166
-164
-163
-160
-158
-156
-154
-152
-149
-147
-146
-143
-142
-141
-141
-141
-143
-145
-149
-153
-159
-165
-173
-181
-191
-201
-213
-224
-238
-251
-265
-278
-293
-306
-321
-332
-345
-356
-366
-373
-380
-386
-389
-391
-392
-390
-387
-383
-377
-369
-360
-350
-339
-328
-315
-303
-289
-276
-262
-248
-236
-223
-211
-200
-189
-178
-169
-161
-152
-146
-140
-135
-130
-127
-124
-122
-120
-120
-119
-118
-119
-119
-121
-121
-123
-124
-126
-128
-130
-132
-134
-136
-138
-140
-142
-143
-145
-147
-148
-151
-153
-154
-155
-157
-158
-160
-161
-162
-163
-164
-165
-166
-166
-167
-168
-168
-169
-170
-171
-171
-172
-172
-173
-173
-174
-174
-175
-176
-176
-176
-176
-176
-177
-178
-178
-179
-179
-180
-180
-180
-181
-181
-181
-182
-182
-182
-183
-183
-183
-183
-183
-183
-183
-184
-184
-184
-184
-184
-183
-184
-184
-183
-184
-184
-184
-184
-184
-185
-184
-184
-185
-185
-184
-185
-185
-185
-185
-185
-187
-186
-186
-187
-187
-187
-187
-187
-187
-187
-187
-188
-188
-188
-188
-188
-187
-187
-187
-187
-187
-188
-188
-188
-187
-187
-187
-187
-187
-187
-187
-187
-187
-187
-187
-187
-186
-186
-187
-186
-186
-186
-186
-186
-186
-186
-186
-186
-185
-185
-185
-185
-185
-185
-185
-185
-185
-185
-184
-184
-184
-183
-183
-183
-183
-181
-182
-182
-180
-180
-180
-179
-179
-178
-178
-178
-178
-177
-177
-176
-176
-175
-175
-174
-174
-174
-173
-173
-172
-171
-171
-171
-170
-170
-170
-169
-169
-169
-169
-169
-168
-168
-168
-168
-168
-168
-168
-168
-167
-167
-167
-167
-167
-167
-167
-168
-168
-168
-168
-168
-169
-169
-168
-169
-169
-169
-169
-170
-170
-170
-171
-171
-172
-172
-173
-173
-174
-174
-175
-175
-176
-177
-177
-177
-178
-179
-179
-180
-181
-180
-181
-182
-182
-183
-184
-184
-185
-186
-187
-187
-188
-188
-189
-190
-190
-191
-191
-191
-191
-192
-192
-192
-193
-192
-192
-192
-193
-193
-192
-193
-193
-192
-192
-193
-192
-192
-193
-192
-192
-193
-193
-192
-193
-193
-192
-192
-192
-193
-192
-193
-192
-192
-192
-191
-192
-191
-191
-191
-191
-191
-191
-190
-190
-190
-190
-189
-189
-189
-189
-188
-189
-189
-187
-188
-188
-187
-188
-187
-187
-187
-187
-187
-186
-186
-186
-186
-186
-186
-186
-186
-186
-186
-187
-187
-186
-186
-186
-186
-186
-186
-186
-186
-185
-185
-185
-185
-185
-184
-184
-184
-184
-184
-183
-184
-184
-184
-183
-183
-183
-183
-183
-183
-183
-183
-183
-183
-183
-183
-183
-183
-183
-183
-183
-183
-183
-183
-182
-182
-181
-182
-181
-181
-181
-181
-181
-181
-181
-180
-180
-180
-180
-180
-180
-180
-180
-180
-180
-180
-179
-179
-179
-180
-180
-179
-179
-180
-179
-179
-180
-180
-180
-179
-179
-179
-179
-179
-179
-179
-180
-180
-180
-180
-180
-180
-180
-180
-181
-181
-180
-180
-180
-180
-180
-179
-180
-180
-179
-179
-179
-179
-179
-179
-178
-178
-178
-178
-179
-178
-178
-178
-178
-178
-179
-179
-179
-179
-179
-179
-178
-178
-178
-178
-178
-179
-179
-179
-179
-179
-179
-179
-179
-179
-179
-179
-179
-178
-178
-178
-178
-178
-178
-178
-177
-177
-177
-177
-177
-177
-178
-177
-177
-177
-177
-177
-176
-176
-176
-176
-176
-176
-176
-176
-176
-176
-176
-176
-176
-176
-176
-176
-176
-176
-176
-176
-176
-175
-176
-176
-176
-176
-176
-175
-175
-175
-175
-175
-175
-175
-174
-174
-174
-174
-175
-175
-175
-175
-174
-174
-175
-174
-174
-174
-174
-174
-174
-174
-174
-174
-173
-173
-173
-173
-173
-173
-172
-172
-172
-172
-172
-172
-172
-172
-172
-172
-172
-172
-172
-172
-172
-172
-172
-172
-172
-172
-172
-172
-171
-171
-172
-171
-171
-170
-171
-171
-171
-170
-170
-170
-169
-170
-170
-170
-170
-170
-169
-169
-169
-169
-169
-169
-168
-168
-169
-169
-168
-168
-167
-168
-168
-167
-167
-167
-167
-167
-167
-166
-166
-166
-166
-165
-165
-166
-166
-166
-166
-165
-165
-166
-165
-165
-165
-165
-165
-165
-165
-165
-166
-165
-165
-165
-165
-164
-164
-164
-164
-164
-164
-164
-164
-164
-164
-164
-165
-165
-165
-164
-164
-164
-164
-164
-164
-164
-164
-163
-163
-163
-163
-163
-163
-162
-162
-162
-162
-162
-162
-162
-162
-162
-162
-162
-162
-161
-161
-161
-161
-162
-162
-162
-162
-162
-162
-162
-162
-162
-162
-162
-161
-161
-162
-162
-162
-161
-161
-161
-161
-161
-160
-160
-160
-160
-159
-160
-160
-160
-159
-158
-158
-158
-158
-158
-157
-157
-157
-156
-156
-156
-155
-156
-156
-156
-155
-156
-155
-156
-156
-156
-156
-156
-157
-158
-158
-159
-159
-160
-160
-161
-161
-162
-163
-164
-165
-166
-166
-167
-167
-168
-169
-170
-171
-172
-172
-173
-173
-173
-175
-175
-175
-175
-175
-174
-174
-174
-173
-173
-172
-172
-171
-171
-170
-169
-168
-168
-167
-167
-167
-166
-166
-166
-165
-166
-165
-165
-165
-164
-163
-163
-162
-161
-161
-160
-160
-159
-158
-157
-156
-156
-155
-154
-153
-153
-152
-151
-151
-151
-150
-150
-150
-149
-150
-150
-150
-149
-149
-149
-149
-149
-150
-150
-150
-149
-149
-150
-150
-150
-150
-150
-150
-150
-150
-150
-150
-150
-150
-150
-150
-150
-150
-149
-149
-149
-149
-149
-150
-149
-149
-149
-149
-149
-149
-150
-150
-150
-149
-149
-149
-150
-149
-149
-148
-149
-149
-149
-148
-148
-148
-149
-149
-149
-148
-149
-149
-148
-148
-148
-149
-149
-148
-147
-147
-146
-145
-144
-142
-141
-139
-137
-134
-132
-131
-128
-126
-124
-121
-119
-117
-116
-114
-113
-114
-116
-119
-121
-126
-132
-138
-146
-155
-165
-175
-187
-199
-211
-225
-238
-253
-267
-280
-293
-306
-317
-327
-336
-344
-350
-354
-357
-358
-358
-356
-352
-348
-342
-333
-325
-315
-304
-292
-280
-267
-254
-241
-227
-215
-202
-190
-178
-166
-155
-145
-136
-127
-119
-113
-107
-101
-96
-93
-90
-88
-86
-85
-84
-84
-85
-86
-86
-88
-89
-91
-94
-96
-98
-101
-103
-105
-108
-109
-112
-114
-116
-118
-120
-121
-125
-126
-127
-129
-131
-131
-133
-134
-135
-136
-137
-138
-139
-140
-140
-141
-141
-142
-142
-143
-143
-144
-145
-145
-145
-145
-145
-146
-147
-147
-147
-147
-148
-148
-149
-149
-149
-150
-151
-150
-151
-152
-152
-152
-153
-152
-153
-153
-154
-154
-154
-155
-154
-154
-155
-155
-155
-155
-155
-155
-155
-155
-156
-156
-156
-156
-156
-156
-156
-156
-156
-156
-156
-156
-156
-156
-156
-156
-156
-156
-157
-157
-156
-156
-156
-157
-157
-157
-157
-158
-158
-158
-159
-158
-158
-158
-159
-159
-159
-159
-160
-160
-160
-159
-159
-159
-160
-159
-159
-159
-159
-159
-159
-158
-158
-159
-158
-158
-159
-159
-159
-159
-159
-159
-159
-159
-159
-159
-160
-160
-159
-159
-160
-159
-159
-159
-159
-159
-159
-159
-159
-159
-159
-158
-158
-158
-157
-157
-157
-156
-156
-156
-156
-156
-155
-156
-155
-155
-155
-155
-154
-154
-153
-153
-153
-153
-153
-153
-153
-153
-153
-152
-152
-152
-152
-152
-151
-152
-152
-151
-151
-151
-151
-151
-151
-152
-151
-151
-151
-151
-151
-152
-152
-152
-153
-153
-153
-152
-153
-154
-154
-155
-155
-155
-155
-155
-156
-156
-157
-157
-158
-158
-159
-159
-160
-160
-160
-161
-161
-161
-162
-162
-163
-163
-164
-165
-166
-166
-167
-168
-168
-169
-169
-170
-171
-171
-172
-173
-174
-174
-174
-175
-175
-176
-176
-176
-177
-177
-177
-177
-177
-177
-176
-176
-177
-176
-176
-176
-176
-176
-175
-176
-175
-174
-174
-175
-174
-174
-174
-174
-174
-173
-173
-174
-173
-173
-173
-172
-172
-172
-172
-172
-171
-171
-171
-170
-170
-170
-170
-169
-170
-169
-169
-169
-169
-169
-168
-168
-167
-168
-168
-168
-167
-168
-168
-167
-166
-167
-167
-166
-166
-166
-166
-166
-166
-166
-166
-166
-166
-166
-166
-165
-165
-165
-165
-164
-164
-164
-164
-163
-164
-164
-163
-163
-163
-163
-162
-163
-163
-163
-163
-162
-162
-162
-162
-162
-163
-163
-163
-163
-163
-162
-162
-163
-163
-163
-162
-162
-162
-162
-162
-162
-162
-161
-161
-161
-161
-161
-160
-160
-160
-160
-160
-160
-160
-159
-159
-159
-160
-160
-159
-159
-159
-160
-160
-159
-159
-159
-159
-159
-159
-159
-160
-160
-160
-160
-160
-160
-160
-160
-159
-159
-160
-160
-161
-161
-160
-160
-160
-161
-161
-161
-161
-161
-161
-161
-161
-161
-162
-162
-162
-162
-162
-161
-161
-161
-160
-160
-160
-160
-161
-159
-160
-160
-160
-160
-160
-160
-160
-161
-160
-160
-160
-161
-161
-160
-160
-161
-161
-162
-162
-161
-161
-161
-161
-161
-161
-161
-161
-161
-161
-161
-161
-161
-161
-161
-161
-161
-161
-160
-160
-161
-161
-161
-161
-161
-160
-160
-160
-160
-160
-160
-160
-160
-160
-160
-160
-160
-160
-160
-160
-160
-160
-160
-160
-160
-160
-160
-160
-160
-161
-161
-161
-161
-161
-161
-162
-162
-162
-162
-162
-162
-162
-163
-163
-163
-163
-163
-163
-163
-163
-163
-163
-163
-163
-163
-163
-163
-163
-163
-162
-162
-162
-162
-161
-162
-161
-161
-161
-161
-160
-160
-160
-160
-161
-160
-160
-160
-160
-160
-160
-161
-161
-162
-162
-162
-161
-162
-162
-163
-163
-164
-163
-163
-164
-164
-165
-164
-164
-164
-165
-165
-165
-166
-166
-166
-166
-166
-165
-165
-165
-165
-165
-165
-165
-165
-164
-164
-164
-164
-164
-164
-163
-164
-164
-163
-163
-163
-162
-162
-162
-162
-162
-162
-163
-163
-163
-163
-164
-165
-164
-165
-165
-166
-167
-167
-168
-169
-170
-170
-171
-171
-172
-172
-174
-174
-174
-175
-175
-177
-177
-177
-178
-178
-178
-179
-179
-179
-180
-180
-179
-180
-179
-180
-179
-180
-179
-179
-179
-178
-178
-177
-177
-176
-176
-175
-175
-174
-175
-174
-174
-173
-173
-173
-172
-172
-171
-171
-170
-170
-170
-169
-169
-168
-169
-167
-167
-166
-166
-165
-165
-164
-164
-163
-163
-162
-161
-162
-161
-161
-161
-160
-160
-160
-160
-160
-160
-160
-160
-160
-160
-161
-161
-161
-161
-162
-162
-162
-162
-162
-162
-162
-162
-162
-162
-162
-161
-161
-161
-161
-161
-161
-162
-162
-162
-162
-161
-161
-161
-161
-161
-161
-162
-162
-162
-162
-162
-163
-162
-163
-163
-162
-162
-162
-163
-163
-163
-164
-164
-164
-164
-163
-163
-163
-163
-163
-164
-163
-163
-163
-163
-162
-162
-160
-160
-159
-157
-156
-154
-151
-149
-147
-146
-144
-142
-140
-138
-135
-134
-133
-132
-132
-133
-134
-136
-139
-144
-148
-156
-163
-171
-181
-192
-203
-214
-227
-240
-252
-266
-279
-293
-306
-318
-329
-338
-347
-354
-360
-365
-367
-369
-368
-367
-363
-359
-352
-344
-336
-326
-316
-305
-293
-281
-269
-256
-245
-232
-221
-209
-199
-188
-179
-169
-161
-153
-147
-141
-136
-132
-128
-124
-121
-119
-118
-117
-117
-116
-116
-117
-118
-118
-119
-121
-122
-125
-127
-128
-129
-131
-133
-135
-136
-137
-140
-140
-142
-143
-145
-145
-146
-147
-149
-150
-151
-152
-152
-153
-154
-154
-154
-155
-155
-156
-156
-156
-157
-157
-158
-158
-158
-158
-158
-159
-159
-159
-159
-160
-160
-160
-160
-160
-161
-161
-161
-161
-162
-162
-163
-163
-163
-163
-164
-164
-164
-164
-164
-164
-164
-165
-165
-165
-165
-165
-165
-165
-165
-166
-165
-165
-165
-165
-166
-166
-165
-165
-166
-166
-165
-166
-166
-166
-166
-166
-166
-166
-166
-166
-166
-166
-166
-166
-166
-166
-166
-166
-166
-166
-166
-166
-166
-167
-167
-167
-167
-167
-167
-167
-167
-167
-168
-168
-168
-167
-167
-167
-167
-167
-167
-167
-168
-168
-168
-168
-168
-168
-168
-167
-168
-168
-168
-168
-168
-167
-167
-167
-167
-167
-167
-167
-167
-166
-166
-165
-166
-165
-164
-164
-164
-164
-164
-163
-163
-163
-162
-162
-162
-162
-162
-162
-161
-162
-162
-161
-162
-162
-161
-161
-161
-161
-161
-161
-161
-161
-161
-161
-161
-160
-160
-160
-160
-160
-160
-160
-158
-159
-159
-159
-158
-158
-158
-159
-159
-158
-159
-159
-159
-159
-159
-160
-160
-160
-160
-161
-161
-161
-162
-162
-162
-163
-163
-164
-163
-164
-165
-166
-165
-166
-166
-167
-168
-168
-169
-169
-170
-171
-171
-172
-172
-173
-174
-174
-175
-176
-176
-177
-177
-178
-179
-179
-180
-181
-181
-181
-181
-182
-182
-182
-182
-182
-182
-182
-181
-181
-181
-182
-181
-181
-181
-180
-180
-179
-179
-179
-179
-178
-179
-178
-177
-177
-178
-177
-177
-176
-176
-176
-175
-175
-175
-175
-174
-174
-173
-172
-172
-173
-172
-172
-171
-171
-170
-171
-170
-171
-170
-169
-170
-169
-169
-169
-168
-168
-168
-168
-167
-166
-167
-167
-166
-166
-165
-166
-166
-166
-166
-165
-165
-165
-165
-165
-165
-166
-165
-165
-165
-165
-165
-165
-165
-165
-165
-165
-165
-165
-165
-165
-165
-165
-165
-165
-165
-165
-165
-165
-165
-165
-166
-165
-165
-166
-165
-165
-164
-164
-165
-164
-164
-164
-164
-164
-164
-164
-163
-163
-162
-162
-162
-162
-162
-161
-162
-162
-161
-161
-161
-161
-161
-161
-161
-161
-161
-161
-161
-161
-161
-161
-161
-161
-161
-161
-161
-161
-161
-162
-162
-162
-162
-162
-162
-162
-161
-162
-162
-161
-161
-161
-161
-162
-162
-161
-161
-161
-161
-161
-161
-161
-161
-161
-161
-161
-161
-161
-161
-161
-161
-161
-160
-161
-161
-161
-161
-161
-161
-161
-161
-161
-161
-161
-161
-161
-161
-161
-161
-161
-161
-161
-161
-162
-162
-163
-162
-162
-162
-162
-162
-162
-162
-162
-162
-162
-162
-162
-162
-162
-161
-161
-161
-161
-161
-161
-162
-162
-162
-162
-162
-162
-161
-161
-161
-161
-162
-162
-162
-162
-162
-162
-162
-162
-162
-162
-162
-162
-162
-163
-163
-163
-163
-163
-163
-163
-163
-163
-163
-162
-163
-163
-163
-163
-163
-162
-162
-162
-162
-162
-162
-162
-162
-161
-161
-161
-161
-161
-161
-161
-161
-161
-161
-161
-161
-161
-161
-161
-161
-161
-161
-161
-161
-161
-161
-161
-161
-161
-161
-161
-161
-161
-160
-160
-160
-161
-160
-160
-160
-160
-160
-160
-160
-159
-159
-159
-160
-160
-160
-159
-159
-159
-159
-159
-159
-159
-159
-158
-158
-158
-158
-158
-158
-158
-157
-157
-156
-157
-156
-156
-157
-156
-157
-157
-158
-157
-158
-157
-158
-158
-159
-159
-160
-160
-160
-161
-161
-162
-163
-163
-163
-164
-164
-165
-166
-166
-168
-168
-168
-170
-170
-170
-171
-171
-171
-172
-172
-173
-173
-172
-173
-172
-172
-172
-171
-171
-171
-170
-170
-170
-169
-168
-168
-168
-167
-166
-166
-166
-165
-165
-164
-164
-164
-164
-164
-163
-162
-162
-161
-161
-160
-160
-159
-159
-158
-158
-157
-156
-156
-155
-154
-154
-153
-153
-152
-152
-151
-151
-151
-152
-151
-151
-151
-151
-151
-151
-151
-151
-150
-150
-150
-149
-149
-149
-149
-149
-149
-149
-149
-149
-148
-149
-149
-148
-148
-148
-148
-148
-148
-148
-148
-148
-148
-149
-149
-148
-148
-148
-148
-149
-149
-149
-149
-149
-149
-149
-149
-148
-149
-149
-149
-149
-149
-149
-149
-149
-149
-149
-150
-150
-149
-149
-149
-149
-149
-149
-148
-149
-148
-148
-147
-147
-145
-145
-144
-143
-140
-139
-137
-135
-133
-131
-130
-127
-126
-123
-123
-121
-119
-119
-121
-122
-125
-128
-132
-137
-143
-151
-159
-168
-178
-189
-202
-213
-226
-239
-253
-267
-279
-293
-305
-317
-326
-335
-343
-350
-355
-358
-359
-361
-359
-357
-352
-346
-339
-330
-321
-311
-300
-288
-276
-264
-252
-240
-228
-215
-204
-194
-183
-173
-164
-156
-148
-142
-135
-130
-127
-123
-119
-117
-115
-113
-112
-112
-112
-112
-111
-112
-113
-114
-115
-116
-117
-118
-120
-120
-122
-123
-124
-126
-127
-128
-129
-131
-132
-132
-134
-135
-136
-137
-137
-138
-138
-139
-139
-140
-140
-141
-141
-141
-142
-142
-142
-143
-143
-143
-144
-144
-145
-144
-144
-145
-146
-146
-146
-146
-147
-147
-147
-147
-147
-147
-147
-148
-148
-148
-148
-148
-148
-148
-149
-149
-149
-149
-149
-149
-149
-149
-149
-149
-151
-151
-150
-151
-151
-151
-151
-151
-152
-152
-151
-152
-152
-152
-152
-152
-152
-152
-152
-152
-152
-152
-152
-152
-152
-152
-152
-152
-152
-152
-152
-152
-152
-152
-152
-152
-152
-152
-152
-152
-152
-152
-152
-153
-153
-152
-152
-151
-152
-152
-152
-152
-152
-152
-152
-151
-151
-151
-151
-151
-150
-150
-150
-151
-150
-150
-150
-150
-150
-150
-150
-149
-149
-149
-149
-148
-148
-148
-148
-148
-147
-147
-146
-146
-146
-146
-146
-145
-145
-144
-144
-144
-144
-144
-143
-143
-143
-142
-142
-142
-141
-141
-141
-141
-141
-141
-140
-140
-140
-139
-140
-139
-138
-139
-139
-138
-138
-138
-138
-138
-138
-138
-138
-139
-138
-138
-138
-138
-139
-138
-138
-139
-139
-139
-139
-139
-139
-139
-139
-139
-139
-140
-140
-139
-140
-140
-140
-140
-141
-141
-142
-141
-142
-142
-143
-143
-143
-144
-145
-146
-146
-146
-147
-148
-149
-150
-151
-152
-153
-153
-154
-154
-155
-155
-155
-156
-157
-158
-158
-159
-159
-159
-160
-160
-161
-161
-161
-161
-161
-161
-161
-161
-162
-161
-161
-161
-160
-161
-160
-161
-160
-160
-160
-159
-159
-159
-159
-158
-158
-158
-158
-158
-158
-157
-158
-157
-157
-157
-157
-156
-157
-156
-157
-156
-156
-155
-155
-155
-154
-154
-153
-154
-153
-153
-152
-151
-152
-151
-150
-149
-150
-149
-149
-149
-149
-148
-148
-148
-148
-148
-147
-147
-146
-146
-147
-146
-145
-146
-146
-145
-145
-144
-144
-144
-144
-145
-144
-144
-144
-144
-144
-144
-144
-144
-144
-144
-144
-144
-144
-144
-144
-144
-144
-144
-144
-144
-144
-144
-143
-143
-143
-143
-143
-142
-142
-142
-142
-142
-141
-141
-141
-142
-141
-141
-141
-141
-141
-141
-141
-141
-141
-141
-141
-141
-141
-142
-142
-142
-142
-142
-142
-142
-142
-142
-142
-142
-142
-142
-142
-142
-141
-141
-141
-141
-141
-141
-141
-140
-140
-141
-141
-141
-141
-141
-141
-140
-140
-140
-139
-139
-139
-139
-139
-138
-138
-138
-138
-138
-138
-138
-138
-138
-138
-138
-138
-138
-138
-138
-138
-139
-139
-139
-139
-139
-139
-139
-140
-140
-140
-140
-140
-140
-140
-141
-141
-141
-141
-141
-141
-141
-141
-141
-141
-141
-141
-141
-141
-141
-141
-141
-141
-141
-141
-141
-141
-141
-142
-142
-142
-142
-142
-142
-142
-142
-142
-143
-143
-143
-143
-143
-143
-143
-143
-143
-144
-144
-143
-144
-145
-145
-144
-145
-145
-145
-145
-146
-146
-146
-146
-146
-146
-146
-147
-147
-147
-147
-147
-147
-147
-148
-148
-148
-148
-148
-148
-148
-148
-148
-149
-148
-148
-148
-149
-149
-149
-150
-149
-149
-149
-149
-150
-150
-150
-150
-150
-150
-150
-150
-150
-150
-150
-150
-150
-150
-150
-150
-150
-151
-151
-150
-150
-150
-151
-150
-150
-150
-150
-149
-149
-150
-150
-150
-150
-150
-150
-150
-149
-149
-149
-149
-150
-150
-149
-149
-149
-149
-149
-149
-149
-148
-148
-148
-148
-148
-148
-148
-147
-147
-147
-147
-147
-146
-147
-146
-146
-146
-146
-146
-145
-145
-145
-146
-145
-146
-145
-146
-145
-145
-146
-146
-146
-147
-147
-148
-148
-149
-149
-150
-150
-151
-152
-152
-153
-154
-155
-155
-156
-157
-158
-159
-160
-161
-161
-161
-162
-162
-164
-164
-164
-164
-164
-164
-164
-163
-164
-163
-163
-163
-162
-161
-162
-161
-161
-160
-160
-159
-159
-158
-158
-158
-158
-157
-158
-158
-157
-157
-156
-155
-155
-154
-154
-153
-152
-152
-152
-151
-150
-149
-149
-147
-147
-146
-146
-145
-144
-144
-143
-143
-142
-142
-142
-142
-142
-142
-142
-142
-142
-142
-142
-142
-142
-142
-142
-142
-142
-142
-142
-142
-142
-142
-142
-142
-142
-142
-142
-142
-142
-142
-142
-142
-142
-141
-141
-141
-141
-140
-141
-141
-141
-141
-140
-140
-140
-141
-141
-140
-140
-140
-140
-140
-140
-140
-141
-141
-141
-141
-141
-141
-141
-141
-141
-141
-141
-141
-141
-142
-142
-142
-141
-141
-141
-140
-140
-139
-137
-137
-135
-133
-132
-130
-128
-126
-125
-122
-120
-118
-116
-114
-113
-112
-111
-112
-114
-116
-119
-124
-129
-136
-144
-152
-161
-173
-184
-196
-209
-223
-237
-252
-266
-280
-292
-305
-317
-328
-338
-345
-352
-357
-360
-362
-362
-361
-358
-352
-346
-338
-329
-319
-308
-296
-283
-271
-258
-245
-232
-219
-206
-194
-183
-172
-161
-152
-142
-134
-128
-121
-116
-111
-107
-104
-101
-100
-98
-96
-96
-95
-96
-96
-97
-97
-98
-100
-101
-102
-103
-105
-107
-108
-109
-111
-112
-114
-115
-117
-118
-120
-121
-122
-123
-124
-126
-126
-127
-128
-128
-129
-130
-130
-131
-131
-131
-131
-132
-132
-132
-133
-134
-134
-135
-134
-135
-135
-136
-136
-136
-137
-137
-138
-138
-139
-139
-139
-140
-140
-140
-140
-140
-140
-140
-140
-141
-141
-142
-141
-141
-141
-141
-141
-141
-142
-142
-142
-142
-141
-141
-141
-142
-142
-142
-142
-142
-143
-142
-142
-142
-142
-143
-143
-142
-142
-143
-143
-143
-143
-142
-142
-142
-143
-143
-143
-143
-144
-144
-144
-144
-144
-145
-145
-145
-146
-146
-146
-146
-146
-146
-146
-147
-147
-146
-146
-146
-146
-145
-145
-145
-145
-145
-144
-144
-144
-143
-143
-143
-142
-142
-142
-141
-141
-141
-141
-141
-140
-140
-140
-140
-139
-139
-139
-139
-139
-139
-139
-138
-138
-138
-138
-138
-138
-138
-138
-138
-137
-138
-137
-136
-136
-136
-136
-136
-135
-135
-134
-134
-133
-133
-134
-132
-132
-132
-132
-131
-131
-131
-131
-129
-130
-130
-130
-130
-129
-129
-129
-129
-129
-129
-129
-129
-129
-129
-129
-129
-129
-129
-129
-129
-129
-130
-129
-129
-129
-129
-130
-130
-131
-131
-131
-131
-131
-131
-132
-133
-133
-134
-134
-135
-134
-135
-136
-137
-137
-138
-139
-140
-140
-141
-141
-142
-143
-144
-143
-144
-145
-146
-147
-147
-148
-148
-149
-150
-151
-151
-152
-153
-153
-154
-154
-154
-154
-154
-155
-156
-156
-156
-155
-156
-156
-156
-156
-156
-156
-156
-156
-156
-156
-155
-155
-155
-155
-155
-155
-155
-154
-154
-154
-153
-153
-153
-153
-153
-153
-152
-152
-152
-151
-151
-151
-151
-150
-151
-150
-150
-149
-150
-149
-148
-149
-149
-148
-148
-147
-147
-147
-146
-146
-146
-147
-146
-146
-145
-146
-146
-146
-145
-145
-146
-146
-146
-146
-145
-145
-145
-145
-145
-145
-144
-144
-144
-144
-144
-144
-144
-144
-144
-144
-144
-144
-144
-144
-144
-144
-144
-144
-144
-144
-144
-143
-143
-143
-143
-143
-143
-143
-143
-143
-143
-143
-142
-142
-142
-142
-141
-141
-141
-141
-141
-140
-140
-140
-140
-140
-140
-140
-140
-139
-139
-140
-140
-140
-140
-140
-140
-140
-140
-139
-140
-140
-139
-139
-139
-140
-140
-140
-140
-139
-139
-139
-140
-140
-140
-140
-139
-139
-140
-139
-139
-139
-139
-138
-139
-139
-139
-139
-139
-139
-139
-139
-139
-139
-139
-139
-139
-138
-139
-139
-139
-139
-138
-138
-138
-138
-138
-138
-139
-139
-138
-138
-139
-139
-139
-138
-138
-138
-138
-138
-138
-138
-138
-138
-138
-138
-138
-139
-139
-138
-139
-139
-139
-139
-139
-139
-139
-139
-139
-139
-139
-139
-139
-139
-139
-139
-139
-139
-139
-139
-139
-140
-139
-139
-139
-140
-140
-140
-140
-141
-141
-140
-140
-140
-140
-140
-140
-140
-140
-140
-139
-139
-139
-139
-139
-138
-138
-138
-138
-138
-137
-137
-137
-138
-138
-138
-138
-138
-137
-137
-137
-137
-137
-137
-137
-138
-138
-138
-138
-138
-138
-138
-138
-138
-138
-138
-138
-138
-138
-138
-139
-139
-138
-138
-138
-139
-139
-139
-139
-138
-138
-139
-139
-138
-138
-138
-139
-139
-138
-138
-138
-138
-138
-138
-138
-139
-139
-139
-139
-139
-139
-139
-139
-138
-138
-139
-139
-139
-138
-138
-138
-138
-138
-138
-138
-137
-138
-138
-137
-137
-137
-137
-137
-137
-137
-137
-137
-137
-137
-137
-137
-137
-137
-137
-137
-137
-137
-136
-136
-136
-136
-136
-134
-134
-134
-134
-134
-133
-132
-132
-132
-131
-131
-131
-130
-130
-131
-130
-131
-131
-131
-131
-132
-132
-133
-132
-133
-134
-134
-135
-136
-136
-137
-137
-139
-140
-141
-141
-142
-143
-144
-145
-146
-147
-148
-149
-149
-150
-150
-151
-151
-151
-151
-151
-152
-151
-152
-152
-152
-151
-151
-151
-151
-150
-150
-149
-149
-149
-148
-148
-148
-147
-147
-147
-147
-146
-146
-145
-146
-145
-144
-143
-143
-142
-141
-141
-140
-139
-139
-138
-137
-137
-136
-136
-135
-134
-134
-133
-133
-132
-132
-132
-131
-132
-131
-131
-131
-131
-130
-130
-130
-131
-131
-131
-131
-131
-130
-130
-130
-131
-131
-130
-131
-131
-131
-131
-132
-132
-132
-131
-131
-131
-131
-131
-131
-131
-131
-131
-131
-130
-131
-131
-131
-131
-131
-131
-131
-131
-131
-131
-131
-131
-132
-132
-132
-132
-132
-132
-132
-132
-132
-132
-132
-132
-133
-133
-132
-132
-132
-132
-132
-131
-131
-131
-130
-129
-128
-127
-126
-124
-122
-121
-119
-117
-115
-112
-111
-109
-106
-105
-103
-102
-102
-103
-104
-106
-110
-114
-120
-127
-134
-143
-152
-162
-174
-186
-198
-212
-225
-240
-254
-267
-280
-293
-306
-316
-325
-334
-340
-345
-348
-350
-350
-348
-346
-341
-335
-328
-320
-309
-298
-287
-275
-262
-249
-236
-223
-210
-197
-186
-173
-163
-152
-141
-133
-125
-118
-111
-105
-101
-96
-93
-90
-88
-87
-86
-85
-85
-84
-85
-86
-87
-88
-90
-91
-92
-94
-96
-98
-99
-101
-103
-104
-106
-108
-110
-110
-112
-113
-115
-116
-117
-119
-119
-120
-121
-122
-123
-123
-124
-124
-125
-126
-125
-126
-126
-126
-127
-127
-128
-128
-129
-129
-129
-130
-130
-131
-131
-132
-132
-132
-132
-133
-133
-133
-133
-133
-134
-134
-134
-134
-135
-135
-135
-135
-135
-136
-136
-136
-136
-136
-137
-137
-136
-137
-137
-138
-138
-138
-138
-138
-138
-138
-138
-138
-139
-139
-139
-139
-138
-138
-138
-138
-138
-138
-138
-138
-138
-138
-138
-138
-138
-138
-138
-138
-138
-138
-138
-138
-138
-138
-138
-139
-139
-139
-139
-139
-139
-139
-138
-138
-139
-139
-139
-138
-138
-138
-138
-138
-137
-137
-137
-137
-137
-137
-137
-137
-137
-136
-136
-136
-136
-136
-136
-136
-136
-136
-135
-135
-135
-135
-134
-134
-135
-135
-134
-133
-133
-133
-133
-133
-133
-133
-132
-132
-132
-132
-131
-131
-130
-130
-130
-130
-129
-129
-129
-128
-129
-128
-128
-127
-127
-127
-126
-126
-126
-126
-126
-126
-125
-125
-125
-125
-125
-125
-124
-125
-125
-125
-125
-124
-124
-125
-124
-125
-125
-126
-126
-125
-126
-126
-126
-127
-127
-127
-127
-128
-128
-129
-129
-129
-129
-130
-130
-131
-131
-132
-133
-132
-133
-133
-134
-135
-136
-136
-137
-137
-138
-138
-139
-140
-140
-141
-141
-142
-142
-143
-144
-144
-145
-145
-146
-145
-146
-146
-147
-147
-147
-148
-148
-149
-149
-149
-149
-150
-149
-150
-150
-150
-150
-150
-150
-151
-151
-150
-150
-150
-149
-149
-149
-149
-149
-149
-147
-148
-147
-147
-146
-146
-145
-145
-145
-145
-144
-145
-144
-143
-144
-143
-143
-142
-142
-142
-142
-141
-141
-141
-140
-141
-140
-140
-140
-139
-139
-138
-139
-138
-137
-138
-138
-138
-137
-137
-138
-138
-138
-138
-138
-138
-137
-137
-137
-137
-137
-137
-137
-138
-138
-138
-138
-138
-138
-138
-138
-138
-138
-138
-138
-137
-137
-137
-137
-137
-137
-137
-136
-137
-137
-137
-137
-136
-136
-135
-136
-136
-135
-135
-135
-135
-134
-134
-134
-134
-134
-134
-134
-134
-134
-134
-134
-133
-133
-133
-133
-133
-134
-134
-134
-134
-134
-134
-134
-134
-134
-133
-134
-134
-134
-133
-133
-133
-133
-133
-133
-133
-133
-133
-133
-133
-133
-133
-133
-133
-133
-133
-132
-132
-132
-132
-132
-131
-131
-131
-131
-131
-131
-131
-131
-131
-131
-131
-131
-131
-132
-132
-132
-131
-132
-132
-131
-131
-132
-132
-132
-133
-133
-132
-132
-133
-133
-133
-133
-134
-134
-134
-134
-134
-134
-134
-134
-134
-134
-134
-134
-134
-134
-133
-133
-134
-134
-134
-134
-134
-134
-133
-134
-133
-133
-133
-134
-134
-134
-133
-133
-133
-133
-134
-134
-134
-133
-133
-134
-134
-134
-134
-134
-134
-134
-135
-135
-135
-135
-135
-134
-134
-134
-135
-136
-136
-135
-135
-135
-135
-136
-136
-136
-136
-136
-136
-136
-136
-136
-136
-135
-135
-135
-135
-135
-135
-134
-134
-134
-134
-134
-134
-134
-133
-133
-133
-134
-134
-134
-134
-133
-134
-134
-134
-134
-134
-134
-134
-134
-134
-134
-134
-134
-135
-135
-135
-135
-135
-135
-135
-134
-134
-134
-134
-134
-134
-134
-134
-134
-134
-133
-133
-133
-133
-133
-133
-133
-133
-133
-133
-133
-133
-133
-133
-133
-133
-133
-133
-133
-133
-133
-133
-133
-133
-134
-134
-134
-134
-134
-135
-134
-135
-136
-136
-137
-137
-138
-137
-138
-139
-139
-140
-140
-141
-141
-142
-142
-144
-144
-145
-145
-146
-146
-147
-148
-149
-149
-149
-151
-151
-151
-152
-152
-152
-152
-152
-152
-152
-151
-151
-151
-150
-150
-149
-148
-148
-148
-147
-147
-146
-145
-145
-145
-144
-143
-142
-142
-141
-141
-141
-140
-140
-139
-139
-139
-138
-137
-137
-136
-136
-134
-135
-133
-134
-133
-133
-133
-132
-132
-131
-131
-130
-131
-131
-130
-130
-130
-129
-129
-129
-129
-129
-129
-129
-129
-129
-129
-129
-128
-129
-129
-129
-129
-130
-129
-129
-130
-130
-129
-129
-129
-129
-129
-129
-129
-129
-130
-130
-130
-130
-129
-129
-129
-129
-129
-129
-128
-128
-128
-128
-128
-128
-128
-128
-128
-127
-127
-127
-127
-127
-127
-127
-127
-127
-127
-127
-126
-126
-126
-126
-126
-125
-125
-124
-123
-122
-121
-119
-118
-116
-114
-112
-109
-108
-106
-104
-102
-100
-99
-98
-96
-97
-98
-98
-101
-105
-108
-115
-121
-129
-137
-147
-158
-168
-180
-193
-206
-219
-234
-247
-261
-274
-286
-297
-307
-316
-323
-330
-334
-337
-339
-339
-337
-334
-330
-323
-315
-307
-297
-287
-275
-263
-251
-238
-227
-215
-202
-191
-179
-168
-157
-148
-138
-131
-123
-117
-111
-106
-103
-99
-96
-94
-92
-91
-90
-89
-89
-90
-90
-90
-91
-92
-93
-95
-96
-96
-98
-99
-101
-102
-103
-105
-105
-107
-108
-110
-110
-111
-113
-114
-115
-116
-116
-116
-117
-118
-118
-118
-119
-120
-120
-120
-120
-121
-121
-121
-122
-122
-123
-123
-124
-124
-125
-126
-126
-127
-129
-129
-129
-131
-132
-133
-133
-134
-135
-135
-136
-137
-138
-138
-139
-139
-140
-140
-141
-141
-141
-142
-142
-142
-143
-143
-143
-143
-143
-144
-144
-145
-145
-145
-145
-145
-145
-146
-146
-146
-146
-146
-146
-146
-147
-147
-147
-147
-147
-147
-147
-147
-147
-147
-147
-148
-148
-148
-147
-148
-148
-149
-148
-148
-148
-149
-148
-148
-148
-148
-149
-149
-148
-148
-148
-148
-148
-148
-147
-147
-147
-147
-147
-147
-147
-147
-147
-146
-146
-146
-145
-145
-145
-144
-144
-144
-144
-144
-143
-143
-142
-142
-142
-142
-142
-142
-142
-142
-141
-141
-140
-140
-140
-140
-140
-140
-140
-140
-140
-140
-139
-138
-138
-138
-138
-138
-138
-138
-137
-136
-136
-136
-136
-136
-135
-135
-135
-135
-134
-135
-134
-134
-134
-133
-133
-133
-133
-132
-132
-132
-133
-132
-132
-132
-132
-132
-133
-133
-134
-133
-133
-134
-134
-135
-134
-135
-135
-135
-136
-137
-136
-137
-137
-138
-138
-138
-139
-139
-140
-139
-140
-141
-141
-142
-142
-143
-144
-145
-145
-146
-147
-147
-148
-149
-150
-151
-151
-151
-152
-154
-154
-154
-155
-155
-156
-157
-157
-157
-158
-158
-159
-159
-159
-159
-159
-159
-160
-159
-160
-160
-159
-159
-160
-159
-159
-159
-159
-158
-158
-158
-158
-158
-157
-157
-156
-155
-155
-155
-154
-154
-153
-153
-153
-152
-152
-152
-151
-151
-151
-150
-151
-151
-150
-150
-150
-150
-150
-150
-150
-150
-150
-150
-149
-149
-150
-150
-149
-149
-149
-149
-149
-148
-148
-147
-148
-147
-147
-147
-147
-146
-147
-147
-146
-146
-146
-146
-146
-145
-146
-146
-146
-146
-145
-145
-144
-144
-144
-144
-144
-143
-143
-143
-143
-143
-143
-143
-143
-142
-142
-142
-141
-142
-142
-141
-141
-141
-141
-142
-142
-142
-141
-141
-141
-142
-142
-142
-142
-142
-142
-142
-142
-142
-142
-142
-142
-142
-142
-142
-141
-142
-141
-141
-141
-141
-141
-141
-141
-140
-140
-140
-140
-140
-140
-140
-140
-140
-140
-140
-140
-140
-140
-140
-139
-140
-140
-140
-140
-140
-140
-140
-140
-139
-139
-139
-139
-139
-139
-139
-139
-139
-139
-139
-139
-139
-139
-139
-139
-139
-140
-140
-139
-139
-139
-139
-139
-139
-140
-140
-140
-140
-140
-140
-140
-141
-141
-141
-141
-141
-141
-141
-141
-141
-141
-141
-141
-141
-141
-141
-141
-140
-140
-140
-141
-141
-141
-141
-140
-140
-140
-140
-140
-140
-140
-140
-141
-141
-141
-140
-140
-140
-141
-141
-141
-140
-141
-141
-141
-140
-140
-141
-141
-141
-141
-141
-142
-142
-142
-141
-141
-141
-142
-141
-142
-142
-142
-142
-141
-141
-141
-141
-141
-141
-141
-142
-142
-142
-142
-142
-142
-142
-142
-142
-142
-142
-143
-143
-143
-143
-142
-142
-143
-143
-143
-143
-143
-143
-144
-143
-143
-143
-143
-143
-143
-144
-144
-144
-144
-144
-144
-144
-143
-144
-144
-144
-144
-144
-144
-144
-144
-144
-144
-144
-144
-145
-145
-145
-145
-145
-145
-145
-145
-145
-145
-145
-144
-144
-144
-145
-145
-145
-144
-144
-144
-145
-145
-145
-145
-145
-145
-144
-144
-144
-143
-144
-144
-144
-143
-143
-143
-143
-142
-142
-142
-142
-141
-142
-142
-142
-142
-142
-142
-143
-143
-142
-143
-143
-144
-144
-145
-145
-146
-146
-147
-148
-149
-149
-150
-151
-151
-152
-153
-154
-156
-156
-157
-157
-158
-159
-159
-159
-159
-160
-159
-160
-160
-160
-159
-159
-159
-159
-158
-157
-158
-157
-157
-156
-156
-156
-155
-155
-155
-154
-155
-154
-154
-153
-153
-153
-152
-152
-151
-151
-150
-149
-149
-148
-148
-147
-147
-146
-146
-146
-145
-144
-144
-144
-143
-143
-143
-142
-142
-143
-142
-142
-142
-141
-141
-141
-141
-141
-140
-141
-141
-141
-141
-141
-140
-140
-140
-140
-140
-140
-140
-140
-140
-140
-140
-140
-140
-140
-140
-140
-140
-140
-140
-140
-140
-140
-140
-140
-139
-140
-140
-140
-140
-140
-140
-140
-140
-140
-140
-140
-141
-141
-140
-140
-140
-140
-140
-140
-141
-141
-141
-141
-141
-141
-141
-141
-141
-140
-140
-139
-139
-138
-137
-137
-136
-135
-133
-132
-130
-128
-127
-124
-122
-120
-118
-116
-114
-112
-110
-110
-109
-110
-112
-114
-117
-121
-126
-133
-140
-150
-159
-169
-180
-192
-205
-218
-232
-247
-261
-275
-288
-301
-314
-324
-334
-341
-349
-354
-358
-360
-361
-359
-357
-352
-346
-339
-330
-320
-309
-297
-286
-273
-260
-248
-234
-221
-209
-196
-184
-173
-162
-152
-144
-135
-129
-123
-117
-113
-108
-105
-103
-100
-99
-98
-97
-97
-96
-97
-97
-98
-99
-100
-102
-103
-105
-106
-108
-110
-111
-113
-115
-116
-118
-120
-121
-122
-124
-126
-127
-128
-129
-130
-131
-132
-132
-133
-134
-135
-135
-135
-136
-137
-137
-138
-138
-138
-139
-139
-140
-141
-141
-142
-142
-143
-143
-144
-145
-145
-145
-145
-146
-146
-147
-147
-147
-147
-147
-148
-147
-147
-147
-148
-148
-148
-148
-149
-149
-149
-149
-149
-148
-148
-148
-149
-149
-149
-149
-149
-149
-150
-150
-150
-150
-150
-150
-151
-151
-151
-151
-151
-151
-152
-151
-152
-152
-152
-152
-152
-153
-152
-152
-152
-152
-152
-152
-153
-153
-153
-152
-152
-152
-152
-152
-152
-151
-151
-151
-150
-149
-149
-149
-149
-148
-148
-148
-148
-147
-147
-147
-146
-145
-145
-145
-145
-145
-144
-144
-144
-144
-144
-143
-144
-143
-143
-142
-142
-142
-142
-141
-141
-141
-141
-141
-141
-140
-140
-139
-139
-139
-139
-139
-138
-138
-138
-138
-138
-138
-136
-137
-136
-136
-136
-135
-135
-135
-134
-134
-134
-133
-133
-133
-132
-132
-132
-132
-132
-132
-132
-131
-131
-131
-131
-131
-131
-131
-131
-131
-131
-131
-131
-131
-131
-131
-131
-132
-132
-132
-132
-132
-132
-133
-133
-134
-134
-134
-134
-135
-135
-136
-137
-137
-137
-137
-138
-138
-139
-140
-140
-141
-142
-142
-142
-143
-144
-145
-145
-146
-146
-147
-148
-149
-150
-150
-151
-152
-152
-153
-154
-154
-155
-156
-156
-157
-158
-158
-158
-159
-159
-159
-159
-159
-160
-159
-159
-159
-160
-160
-159
-159
-159
-159
-159
-158
-159
-158
-158
-158
-158
-158
-157
-158
-158
-157
-157
-157
-156
-156
-157
-156
-155
-156
-156
-155
-155
-154
-154
-154
-153
-154
-153
-153
-153
-152
-151
-152
-151
-151
-150
-150
-150
-149
-149
-150
-149
-149
-148
-148
-148
-149
-149
-149
-148
-148
-148
-149
-148
-148
-148
-148
-148
-148
-148
-147
-147
-147
-146
-147
-147
-147
-147
-147
-147
-146
-146
-146
-146
-146
-146
-147
-147
-147
-147
-147
-147
-147
-147
-146
-146
-147
-147
-146
-146
-146
-146
-146
-145
-145
-145
-145
-144
-144
-144
-144
-144
-144
-143
-143
-143
-143
-143
-143
-143
-143
-143
-143
-143
-143
-143
-143
-143
-143
-143
-142
-142
-142
-142
-142
-142
-143
-143
-143
-142
-142
-142
-142
-142
-143
-142
-142
-142
-141
-142
-142
-142
-142
-142
-141
-142
-141
-141
-141
-141
-141
-141
-141
-141
-141
-141
-141
-140
-140
-140
-141
-140
-140
-140
-140
-140
-140
-140
-140
-140
-139
-139
-140
-140
-140
-140
-140
-140
-140
-140
-141
-141
-141
-141
-141
-141
-141
-141
-141
-141
-141
-141
-141
-141
-141
-141
-141
-142
-142
-142
-142
-142
-142
-142
-142
-142
-143
-143
-143
-143
-143
-143
-143
-144
-144
-144
-144
-144
-144
-145
-145
-145
-145
-145
-146
-145
-145
-145
-145
-145
-146
-146
-145
-146
-146
-146
-147
-147
-147
-147
-147
-148
-148
-148
-148
-148
-148
-149
-149
-149
-149
-149
-149
-149
-149
-149
-149
-149
-149
-149
-149
-149
-149
-149
-149
-149
-149
-150
-150
-150
-150
-150
-150
-149
-150
-150
-150
-150
-150
-150
-150
-150
-150
-150
-150
-150
-150
-151
-150
-150
-150
-150
-150
-150
-150
-150
-150
-150
-150
-150
-150
-150
-150
-150
-150
-150
-150
-150
-150
-150
-151
-151
-151
-151
-151
-151
-151
-151
-151
-152
-152
-152
-152
-152
-152
-152
-152
-152
-152
-152
-152
-152
-152
-152
-151
-151
-152
-151
-150
-150
-151
-151
-150
-150
-150
-150
-151
-151
-151
-151
-150
-150
-150
-151
-151
-151
-150
-151
-151
-150
-151
-151
-150
-151
-151
-150
-150
-150
-150
-150
-150
-150
-150
-150
-150
-150
-150
-150
-149
-149
-149
-148
-148
-148
-148
-148
-147
-148
-148
-147
-147
-147
-146
-147
-147
-147
-146
-147
-147
-147
-147
-148
-148
-149
-149
-150
-150
-151
-151
-152
-152
-153
-154
-155
-155
-156
-157
-158
-159
-160
-160
-161
-163
-163
-164
-164
-165
-166
-166
-166
-167
-167
-167
-167
-167
-167
-167
-166
-166
-165
-166
-165
-165
-163
-163
-162
-162
-162
-161
-160
-160
-160
-159
-160
-159
-159
-158
-158
-158
-157
-157
-156
-155
-155
-154
-154
-153
-153
-152
-151
-150
-149
-149
-148
-148
-147
-147
-146
-146
-146
-146
-146
-146
-145
-145
-145
-146
-146
-146
-146
-146
-146
-146
-146
-146
-146
-146
-146
-146
-146
-147
-147
-147
-146
-146
-147
-146
-146
-146
-146
-146
-146
-146
-146
-146
-146
-146
-146
-146
-146
-146
-146
-146
-146
-145
-145
-145
-146
-145
-145
-145
-145
-145
-146
-146
-146
-146
-146
-145
-146
-146
-146
-146
-146
-146
-146
-146
-145
-145
-146
-145
-144
-144
-144
-144
-142
-142
-141
-139
-138
-137
-134
-132
-131
-129
-126
-125
-123
-121
-119
-117
-116
-116
-116
-117
-119
-122
-126
-131
-137
-145
-153
-162
-172
-182
-194
-207
-219
-233
-246
-261
-275
-288
-301
-313
-324
-333
-341
-349
-354
-358
-360
-361
-359
-357
-353
-347
-340
-331
-321
-311
-299
-287
-275
-262
-249
-235
-222
-209
-197
-184
-173
-161
-151
-142
-133
-126
-118
-113
-108
-104
-100
-97
-95
-93
-93
-92
-92
-92
-93
-94
-95
-96
-97
-100
-102
-103
-106
-108
-110
-111
-114
-116
-117
-120
-121
-123
-125
-126
-128
-129
-131
-131
-132
-134
-135
-135
-136
-137
-137
-138
-138
-138
-139
-139
-139
-139
-139
-140
-140
-141
-141
-142
-141
-141
-142
-143
-143
-144
-144
-144
-145
-145
-145
-145
-146
-146
-146
-147
-147
-147
-148
-148
-148
-148
-148
-148
-148
-148
-148
-148
-148
-149
-148
-148
-148
-149
-149
-149
-149
-149
-149
-149
-149
-149
-150
-150
-150
-150
-152
-152
-152
-152
-152
-153
-153
-153
-152
-153
-153
-153
-153
-153
-153
-152
-153
-153
-153
-153
-153
-152
-152
-152
-153
-152
-152
-152
-152
-152
-152
-152
-152
-152
-152
-152
-152
-152
-151
-151
-151
-151
-151
-152
-152
-152
-152
-152
-152
-151
-151
-151
-151
-151
-151
-151
-151
-151
-151
-151
-151
-150
-150
-150
-150
-150
-150
-148
-149
-149
-149
-147
-147
-147
-148
-146
-146
-146
-146
-146
-146
-146
-145
-144
-144
-144
-144
-144
-143
-143
-143
-143
-143
-143
-142
-142
-142
-142
-142
-141
-141
-141
-140
-140
-140
-139
-140
-140
-139
-139
-140
-139
-139
-139
-139
-139
-139
-139
-140
-140
-140
-140
-139
-140
-140
-141
-141
-141
-141
-141
-141
-142
-142
-143
-143
-142
-143
-144
-144
-145
-144
-144
-145
-145
-146
-146
-146
-147
-147
-148
-149
-150
-150
-150
-151
-152
-153
-154
-153
-154
-155
-155
-156
-157
-158
-158
-159
-159
-159
-160
-160
-160
-161
-161
-161
-161
-161
-161
-160
-160
-161
-160
-160
-160
-159
-160
-159
-159
-159
-159
-159
-159
-158
-158
-158
-158
-158
-158
-158
-157
-158
-157
-156
-157
-157
-156
-156
-156
-155
-155
-155
-155
-154
-153
-153
-153
-153
-153
-152
-151
-152
-151
-152
-151
-151
-151
-151
-151
-151
-150
-150
-150
-150
-151
-151
-151
-150
-150
-150
-150
-150
-149
-149
-149
-149
-149
-148
-149
-149
-148
-148
-148
-148
-148
-148
-148
-148
-148
-148
-148
-149
-148
-148
-148
-148
-148
-148
-148
-149
-149
-149
-148
-148
-148
-147
-147
-147
-147
-147
-146
-146
-146
-145
-145
-145
-145
-144
-145
-145
-144
-144
-144
-144
-144
-144
-143
-143
-144
-144
-144
-144
-144
-144
-144
-145
-145
-145
-145
-144
-144
-144
-145
-145
-145
-145
-145
-145
-144
-145
-145
-144
-144
-144
-145
-145
-145
-145
-145
-145
-145
-145
-145
-145
-145
-145
-145
-145
-146
-145
-145
-145
-145
-145
-145
-145
-145
-145
-145
-144
-145
-145
-145
-145
-145
-145
-145
-145
-145
-145
-145
-145
-145
-145
-145
-146
-146
-146
-146
-146
-147
-146
-146
-146
-146
-147
-147
-147
-147
-146
-147
-146
-146
-146
-147
-147
-147
-147
-147
-147
-147
-147
-147
-148
-148
-147
-148
-148
-148
-148
-148
-148
-148
-148
-148
-148
-148
-148
-147
-148
-148
-148
-148
-148
-148
-148
-147
-147
-147
-148
-147
-147
-147
-147
-147
-147
-147
-147
-147
-147
-147
-147
-148
-148
-148
-148
-148
-148
-148
-148
-148
-148
-148
-148
-148
-149
-149
-149
-149
-149
-149
-149
-149
-149
-149
-149
-149
-149
-149
-149
-149
-150
-150
-150
-150
-150
-150
-150
-150
-149
-149
-149
-150
-150
-150
-149
-150
-149
-150
-150
-150
-150
-151
-151
-151
-151
-150
-151
-151
-151
-151
-151
-150
-150
-150
-151
-151
-151
-151
-150
-150
-151
-151
-150
-150
-150
-150
-150
-150
-150
-150
-150
-150
-149
-149
-150
-149
-149
-148
-148
-148
-148
-148
-148
-148
-148
-147
-147
-147
-147
-147
-146
-147
-147
-146
-146
-146
-147
-146
-147
-146
-147
-146
-147
-146
-147
-147
-148
-148
-148
-148
-149
-149
-150
-150
-151
-152
-153
-153
-154
-154
-155
-156
-156
-157
-158
-159
-160
-160
-161
-161
-162
-163
-163
-164
-164
-164
-164
-165
-164
-164
-164
-163
-163
-162
-163
-162
-162
-161
-160
-160
-159
-159
-158
-158
-157
-157
-157
-157
-157
-156
-156
-156
-155
-156
-155
-155
-154
-154
-153
-153
-152
-152
-152
-151
-151
-150
-150
-149
-149
-149
-148
-148
-147
-147
-146
-146
-146
-145
-144
-145
-145
-144
-144
-143
-143
-143
-143
-143
-143
-142
-142
-142
-141
-141
-141
-141
-141
-141
-141
-141
-141
-141
-141
-141
-141
-141
-141
-141
-141
-141
-140
-140
-140
-140
-141
-141
-141
-141
-141
-141
-141
-141
-141
-141
-141
-141
-142
-142
-141
-141
-141
-141
-141
-142
-142
-142
-142
-142
-142
-142
-142
-142
-142
-142
-142
-143
-142
-142
-142
-141
-141
-140
-139
-139
-137
-136
-135
-133
-130
-128
-126
-125
-123
-120
-118
-116
-114
-114
-112
-112
-113
-115
-116
-120
-124
-130
-136
-143
-152
-161
-171
-182
-193
-205
-217
-231
-244
-257
-270
-283
-294
-305
-315
-323
-330
-336
-340
-343
-343
-343
-341
-337
-333
-327
-319
-311
-301
-291
-279
-268
-255
-243
-232
-219
-207
-196
-184
-172
-162
-152
-143
-135
-126
-120
-114
-109
-105
-101
-98
-96
-94
-93
-92
-92
-91
-92
-93
-94
-95
-96
-98
-101
-102
-104
-105
-108
-109
-112
-113
-115
-117
-119
-120
-121
-123
-125
-126
-127
-129
-130
-131
-132
-133
-134
-134
-135
-136
-137
-137
-138
-138
-138
-138
-139
-139
-140
-140
-140
-140
-140
-141
-141
-142
-142
-142
-142
-142
-143
-143
-143
-144
-144
-144
-143
-143
-143
-143
-144
-144
-143
-144
-144
-144
-144
-144
-144
-144
-144
-144
-144
-144
-144
-144
-144
-144
-144
-144
-144
-144
-144
-144
-144
-145
-145
-145
-145
-145
-145
-145
-146
-145
-145
-145
-145
-145
-146
-146
-146
-146
-146
-146
-147
-147
-147
-147
-147
-147
-147
-146
-146
-146
-146
-147
-146
-147
-147
-147
-147
-147
-147
-147
-147
-146
-147
-147
-147
-146
-147
-147
-147
-147
-147
-147
-148
-148
-148
-148
-148
-148
-149
-149
-148
-148
-149
-148
-149
-150
-149
-149
-149
-149
-149
-149
-149
-149
-149
-149
-149
-149
-149
-149
-148
-148
-148
-148
-147
-147
-148
-148
-148
-147
-147
-147
-147
-146
-145
-145
-145
-145
-143
-143
-143
-143
-142
-142
-141
-141
-141
-140
-140
-140
-139
-139
-139
-140
-139
-139
-139
-139
-139
-140
-140
-140
-140
-140
-140
-141
-141
-141
-141
-142
-142
-142
-143
-143
-144
-144
-145
-144
-145
-145
-146
-146
-147
-147
-148
-148
-148
-149
-150
-150
-151
-150
-151
-152
-153
-154
-154
-154
-155
-155
-156
-157
-158
-157
-158
-158
-159
-160
-160
-160
-161
-161
-161
-162
-161
-162
-162
-162
-162
-162
-162
-162
-162
-162
-162
-162
-162
-162
-162
-162
-162
-162
-162
-162
-161
-162
-161
-160
-161
-160
-160
-160
-159
-158
-159
-158
-157
-158
-157
-156
-155
-154
-155
-154
-153
-153
-153
-152
-152
-152
-151
-150
-151
-150
-149
-148
-149
-149
-148
-147
-147
-147
-147
-146
-146
-146
-146
-145
-145
-145
-145
-144
-144
-145
-144
-144
-144
-144
-144
-143
-143
-143
-143
-142
-142
-142
-143
-142
-142
-142
-142
-142
-141
-141
-141
-141
-141
-141
-140
-140
-141
-141
-140
-140
-140
-140
-140
-140
-140
-140
-140
-140
-140
-139
-139
-139
-139
-139
-139
-139
-139
-139
-139
-139
-139
-139
-139
-139
-139
-139
-138
-138
-138
-138
-138
-138
-137
-137
-137
-137
-136
-137
-137
-136
-136
-135
-136
-136
-135
-134
-134
-134
-134
-134
-134
-134
-134
-134
-135
-135
-135
-135
-135
-134
-135
-135
-134
-134
-134
-135
-135
-135
-134
-134
-134
-134
-134
-133
-133
-133
-132
-132
-132
-132
-132
-131
-131
-132
-132
-132
-131
-131
-131
-132
-132
-132
-131
-131
-132
-132
-132
-132
-132
-132
-133
-133
-133
-133
-133
-133
-133
-133
-133
-133
-133
-133
-133
-133
-133
-132
-132
-132
-132
-132
-132
-132
-132
-132
-132
-133
-133
-133
-133
-133
-132
-133
-133
-133
-133
-133
-134
-134
-134
-134
-134
-134
-134
-134
-134
-134
-135
-135
-135
-134
-134
-134
-135
-135
-135
-135
-135
-135
-135
-135
-135
-135
-135
-135
-135
-135
-135
-135
-135
-134
-134
-134
-134
-135
-135
-134
-134
-134
-134
-134
-134
-134
-134
-134
-133
-133
-133
-133
-133
-133
-133
-133
-133
-133
-133
-132
-132
-133
-132
-132
-132
-132
-132
-132
-132
-132
-132
-132
-132
-132
-133
-133
-133
-132
-132
-133
-133
-132
-133
-133
-133
-133
-133
-132
-132
-133
-133
-133
-133
-133
-132
-132
-133
-133
-133
-132
-132
-132
-132
-132
-132
-132
-132
-131
-131
-131
-131
-131
-131
-131
-131
-131
-131
-131
-131
-131
-131
-131
-131
-131
-131
-131
-131
-132
-132
-132
-132
-132
-132
-133
-133
-133
-133
-133
-133
-134
-134
-134
-134
-133
-133
-133
-133
-133
-133
-133
-133
-134
-133
-133
-132
-132
-132
-132
-132
-132
-132
-131
-131
-131
-130
-130
-130
-130
-129
-130
-129
-130
-129
-130
-130
-130
-131
-130
-131
-131
-132
-132
-133
-133
-133
-134
-134
-136
-136
-136
-137
-138
-140
-139
-141
-142
-143
-144
-144
-145
-146
-146
-147
-148
-149
-149
-149
-149
-149
-151
-151
-151
-151
-151
-150
-150
-150
-149
-150
-150
-148
-148
-148
-147
-147
-146
-146
-145
-145
-145
-144
-145
-144
-143
-144
-143
-143
-142
-142
-141
-140
-141
-140
-140
-139
-138
-138
-137
-137
-136
-135
-135
-134
-134
-133
-133
-133
-133
-132
-132
-132
-132
-132
-132
-132
-132
-132
-132
-132
-133
-133
-133
-133
-133
-132
-132
-133
-133
-133
-132
-132
-132
-132
-132
-132
-132
-132
-132
-132
-132
-132
-131
-131
-131
-132
-131
-131
-131
-131
-131
-131
-130
-130
-130
-130
-130
-130
-130
-129
-129
-129
-129
-129
-129
-129
-129
-129
-129
-129
-129
-129
-129
-129
-129
-129
-129
-129
-129
-129
-129
-129
-129
-129
-128
-128
-127
-126
-125
-124
-122
-120
-119
-117
-114
-113
-110
-108
-106
-104
-101
-100
-99
-98
-98
-100
-101
-104
-108
-113
-119
-127
-134
-144
-154
-165
-177
-189
-203
-215
-230
-244
-258
-271
-284
-296
-307
-316
-325
-333
-338
-342
-344
-345
-344
-342
-338
-332
-325
-316
-306
-295
-284
-272
-259
-245
-232
-219
-205
-192
-179
-166
-154
-143
-132
-123
-114
-106
-100
-94
-88
-84
-80
-77
-75
-73
-72
-71
-71
-70
-71
-72
-73
-74
-76
-78
-79
-81
-84
-85
-87
-90
-91
-94
-95
-97
-99
-101
-103
-104
-106
-107
-109
-109
-112
-112
-113
-114
-114
-115
-116
-116
-117
-117
-117
-117
-118
-118
-118
-119
-119
-119
-120
-120
-121
-121
-122
-122
-123
-123
-124
-123
-124
-124
-124
-125
-125
-126
-126
-126
-126
-126
-127
-127
-127
-127
-128
-127
-127
-128
-128
-128
-128
-127
-128
-128
-128
-128
-128
-129
-129
-129
-129
-129
-128
-128
-128
-128
-128
-129
-128
-128
-129
-129
-129
-129
-129
-129
-129
-129
-129
-129
-129
-129
-130
-129
-129
-128
-128
-128
-129
-129
-129
-129
-129
-128
-128
-129
-129
-129
-129
-129
-129
-128
-128
-128
-128
-128
-128
-128
-128
-129
-128
-128
-128
-128
-128
-128
-128
-128
-128
-128
-128
-128
-128
-128
-128
-127
-127
-127
-127
-126
-126
-126
-125
-125
-125
-125
-125
-124
-124
-123
-123
-123
-123
-123
-123
-122
-122
-122
-122
-122
-122
-121
-121
-120
-121
-119
-119
-119
-119
-118
-118
-118
-118
-116
-116
-117
-115
-115
-115
-115
-115
-114
-114
-114
-114
-114
-113
-113
-113
-112
-112
-112
-113
-112
-112
-112
-112
-112
-113
-113
-113
-113
-114
-114
-114
-115
-114
-114
-115
-115
-115
-116
-116
-117
-117
-117
-118
-118
-119
-120
-119
-121
-121
-122
-122
-122
-123
-124
-124
-125
-125
-126
-126
-127
-128
-128
-129
-130
-130
-131
-131
-132
-133
-133
-134
-134
-134
-135
-135
-136
-136
-136
-137
-137
-138
-138
-138
-138
-138
-138
-138
-139
-138
-138
-139
-139
-138
-138
-137
-138
-137
-138
-137
-137
-136
-136
-136
-136
-136
-135
-135
-134
-134
-133
-133
-133
-133
-132
-132
-132
-132
-131
-131
-131
-131
-131
-130
-130
-130
-130
-130
-129
-130
-129
-129
-129
-128
-128
-129
-128
-128
-127
-128
-128
-128
-128
-127
-127
-127
-127
-127
-127
-127
-127
-127
-127
-127
-127
-127
-126
-126
-126
-126
-126
-126
-126
-126
-126
-126
-126
-126
-126
-126
-126
-126
-126
-126
-125
-125
-125
-126
-126
-126
-126
-125
-125
-125
-125
-125
-125
-125
-125
-124
-124
-124
-124
-124
-124
-124
-124
-124
-124
-124
-124
-123
-124
-124
-124
-123
-123
-123
-123
-123
-123
-123
-123
-123
-123
-122
-122
-122
-122
-122
-122
-122
-122
-122
-122
-122
-122
-122
-122
-122
-122
-121
-122
-122
-122
-121
-121
-121
-121
-122
-122
-122
-122
-122
-122
-122
-123
-123
-122
-123
-123
-123
-123
-123
-123
-123
-123
-123
-123
-123
-123
-123
-122
-122
-122
-122
-122
-122
-122
-122
-121
-121
-121
-122
-122
-121
-121
-121
-121
-121
-122
-122
-121
-121
-121
-122
-122
-122
-122
-121
-121
-121
-121
-122
-122
-122
-121
-122
-123
-123
-123
-123
-123
-123
-123
-123
-123
-124
-124
-124
-123
-123
-124
-124
-124
-123
-123
-123
-123
-123
-123
-124
-123
-123
-124
-124
-123
-124
-124
-123
-123
-123
-123
-123
-123
-123
-123
-124
-124
-123
-124
-124
-124
-124
-124
-124
-124
-124
-124
-124
-124
-124
-125
-125
-125
-125
-125
-125
-125
-125
-125
-125
-125
-125
-125
-125
-125
-125
-125
-125
-125
-125
-125
-125
-125
-125
-125
-126
-126
-126
-125
-126
-126
-125
-125
-125
-125
-125
-125
-125
-125
-125
-125
-125
-125
-125
-125
-125
-125
-125
-125
-125
-125
-125
-125
-125
-126
-126
-126
-126
-126
-126
-126
-126
-126
-126
-126
-127
-127
-127
-127
-127
-127
-127
-127
-127
-128
-128
-128
-127
-128
-128
-128
-128
-128
-128
-128
-128
-128
-128
-128
-128
-129
-129
-129
-128
-129
-129
-129
-129
-129
-129
-129
-129
-130
-130
-130
-130
-130
-130
-129
-130
-131
-131
-131
-131
-130
-131
-131
-132
-132
-132
-132
-132
-132
-132
-132
-132
-132
-132
-132
-132
-132
-132
-132
-132
-132
-132
-132
-131
-131
-131
-131
-131
-131
-131
-131
-131
-131
-131
-131
-131
-131
-131
-131
-131
-132
-131
-131
-131
-131
-131
-132
-132
-132
-132
-132
-132
-133
-133
-132
-133
-133
-133
-133
-132
-133
-132
-132
-132
-132
-133
-132
-133
-132
-133
-133
-134
-134
-134
-135
-135
-137
-136
-137
-138
-139
-140
-140
-141
-142
-142
-142
-143
-144
-144
-146
-145
-146
-148
-147
-148
-148
-150
-150
-151
-151
-151
-151
-151
-152
-152
-152
-153
-152
-152
-152
-152
-151
-152
-151
-150
-150
-149
-149
-148
-149
-148
-147
-147
-147
-147
-147
-146
-146
-145
-144
-145
-144
-144
-144
-143
-142
-141
-142
-140
-141
-139
-140
-139
-138
-137
-137
-137
-136
-136
-136
-135
-135
-135
-135
-135
-134
-134
-134
-134
-134
-135
-135
-134
-134
-134
-135
-135
-135
-135
-135
-135
-135
-135
-135
-135
-135
-134
-134
-135
-135
-135
-135
-134
-134
-134
-134
-133
-133
-133
-134
-134
-134
-133
-133
-134
-133
-133
-134
-134
-134
-134
-135
-135
-135
-135
-135
-136
-136
-136
-136
-136
-136
-136
-136
-137
-137
-137
-137
-136
-137
-137
-137
-137
-137
-136
-136
-135
-135
-134
-133
-132
-130
-129
-128
-126
-124
-121
-119
-117
-115
-112
-111
-109
-107
-105
-106
-105
-107
-108
-111
-115
-120
-126
-134
-142
-151
-161
-172
-183
-195
-208
-221
-235
-248
-262
-275
-287
-300
-310
-319
-327
-335
-340
-343
-345
-346
-344
-342
-338
-332
-325
-317
-307
-297
-285
-274
-261
-249
-236
-223
-210
-198
-185
-174
-163
-152
-141
-131
-123
-116
-109
-103
-98
-94
-89
-87
-84
-83
-82
-81
-81
-81
-82
-82
-84
-85
-87
-89
-91
-92
-94
-97
-99
-100
-102
-105
-106
-108
-110
-111
-113
-115
-116
-118
-120
-121
-121
-123
-124
-125
-126
-127
-128
-128
-129
-130
-130
-131
-131
-131
-132
-132
-133
-133
-134
-134
-134
-135
-136
-136
-137
-137
-138
-138
-138
-139
-139
-140
-140
-140
-140
-140
-140
-140
-140
-140
-140
-140
-140
-140
-140
-140
-140
-140
-140
-140
-140
-139
-140
-140
-140
-140
-141
-140
-141
-141
-141
-141
-142
-141
-141
-142
-142
-142
-142
-141
-141
-141
-141
-141
-141
-142
-142
-142
-142
-142
-142
-143
-143
-142
-142
-143
-143
-143
-143
-143
-143
-143
-143
-144
-143
-143
-144
-144
-144
-144
-144
-144
-144
-144
-144
-144
-144
-144
-144
-144
-144
-144
-144
-144
-144
-144
-144
-144
-144
-144
-144
-144
-144
-144
-144
-143
-143
-143
-143
-143
-142
-142
-142
-141
-141
-141
-140
-140
-140
-139
-139
-139
-139
-139
-139
-138
-138
-138
-138
-137
-137
-137
-137
-137
-136
-136
-136
-136
-136
-135
-135
-134
-134
-134
-134
-134
-133
-133
-132
-132
-132
-131
-132
-131
-131
-131
-131
-130
-130
-129
-129
-129
-130
-130
-130
-130
-129
-130
-130
-130
-131
-131
-131
-131
-132
-132
-133
-133
-134
-134
-135
-135
-135
-136
-137
-136
-137
-137
-138
-139
-139
-140
-140
-141
-141
-142
-142
-143
-143
-144
-144
-145
-146
-147
-147
-147
-148
-148
-149
-150
-151
-150
-152
-153
-152
-153
-154
-155
-155
-156
-156
-156
-157
-157
-157
-157
-157
-158
-158
-158
-158
-158
-158
-158
-157
-157
-158
-158
-157
-158
-157
-157
-157
-157
-156
-157
-156
-156
-156
-156
-155
-156
-155
-155
-154
-155
-154
-154
-154
-153
-153
-153
-152
-152
-152
-153
-152
-152
-151
-151
-151
-151
-151
-151
-151
-151
-151
-151
-151
-150
-151
-151
-151
-150
-150
-150
-150
-150
-150
-149
-150
-150
-150
-149
-149
-149
-149
-148
-148
-148
-149
-148
-148
-148
-148
-148
-148
-148
-148
-149
-148
-148
-148
-148
-148
-148
-148
-148
-147
-148
-148
-148
-148
-147
-147
-147
-147
-147
-147
-147
-147
-147
-147
-146
-146
-146
-146
-146
-146
-146
-145
-145
-146
-146
-146
-146
-146
-146
-146
-146
-147
-146
-146
-146
-146
-147
-146
-147
-147
-147
-147
-147
-147
-147
-147
-147
-147
-147
-147
-147
-147
-147
-147
-147
-147
-147
-147
-147
-147
-146
-147
-147
-147
-147
-147
-147
-147
-147
-147
-147
-147
-147
-147
-147
-147
-147
-148
-148
-148
-148
-148
-149
-149
-148
-148
-149
-149
-149
-149
-149
-149
-149
-149
-149
-149
-149
-149
-149
-149
-149
-149
-150
-150
-149
-149
-150
-149
-149
-149
-149
-149
-149
-149
-149
-149
-149
-149
-149
-149
-149
-149
-150
-149
-149
-149
-150
-150
-150
-150
-150
-150
-150
-150
-150
-151
-151
-151
-151
-151
-151
-151
-151
-151
-151
-151
-151
-151
-151
-151
-151
-151
-151
-151
-150
-150
-150
-150
-150
-150
-149
-149
-149
-149
-149
-150
-150
-149
-149
-149
-149
-150
-150
-150
-150
-150
-150
-150
-150
-150
-150
-150
-150
-150
-150
-150
-150
-149
-149
-149
-149
-149
-149
-149
-148
-148
-149
-148
-148
-148
-149
-149
-149
-149
-149
-149
-149
-149
-149
-149
-149
-149
-149
-149
-149
-149
-149
-149
-150
-150
-149
-149
-149
-150
-150
-150
-150
-150
-150
-150
-150
-149
-149
-149
-150
-150
-150
-150
-150
-150
-150
-150
-150
-150
-150
-150
-150
-149
-149
-149
-149
-149
-149
-149
-149
-148
-148
-148
-148
-148
-148
-148
-148
-148
-148
-148
-148
-148
-148
-148
-148
-147
-147
-147
-147
-147
-147
-147
-147
-147
-147
-147
-147
-146
-146
-147
-146
-146
-146
-146
-146
-146
-146
-147
-146
-146
-146
-147
-147
-148
-147
-148
-149
-150
-150
-150
-151
-152
-152
-153
-154
-155
-155
-156
-156
-157
-159
-159
-159
-161
-161
-162
-162
-163
-163
-163
-164
-165
-165
-165
-165
-165
-165
-165
-164
-164
-164
-164
-163
-163
-162
-162
-161
-161
-161
-160
-160
-159
-159
-158
-157
-158
-157
-157
-157
-156
-156
-155
-155
-154
-154
-154
-153
-153
-152
-152
-151
-150
-149
-149
-148
-148
-147
-147
-147
-145
-146
-146
-144
-145
-144
-144
-144
-144
-144
-143
-143
-144
-143
-143
-143
-143
-143
-143
-143
-143
-143
-143
-142
-142
-143
-142
-142
-141
-141
-141
-141
-141
-141
-141
-141
-141
-141
-140
-140
-140
-140
-140
-141
-141
-141
-140
-140
-141
-140
-140
-140
-140
-140
-141
-141
-141
-141
-140
-140
-140
-140
-140
-141
-141
-140
-140
-140
-140
-139
-139
-139
-139
-139
-139
-138
-138
-138
-137
-136
-135
-134
-134
-132
-131
-129
-127
-125
-124
-122
-120
-119
-117
-114
-113
-111
-110
-110
-110
-111
-113
-116
-119
-124
-130
-137
-145
-153
-162
-173
-184
-195
-208
-221
-234
-247
-260
-272
-284
-295
-306
-315
-323
-330
-334
-338
-340
-340
-339
-337
-333
-328
-321
-313
-304
-294
-283
-272
-260
-248
-236
-223
-212
-200
-188
-177
-166
-156
-148
-138
-130
-124
-118
-112
-107
-103
-101
-98
-96
-94
-94
-93
-93
-94
-94
-95
-96
-97
-98
-100
-101
-104
-106
-107
-109
-111
-113
-114
-116
-117
-119
-121
-122
-123
-124
-126
-127
-128
-129
-129
-130
-131
-131
-132
-132
-133
-134
-134
-135
-135
-135
-136
-136
-137
-137
-138
-138
-138
-139
-139
-139
-139
-140
-141
-140
-141
-142
-142
-142
-142
-142
-142
-142
-143
-143
-143
-143
-143
-143
-143
-143
-144
-143
-143
-143
-144
-144
-144
-144
-144
-144
-144
-143
-144
-144
-144
-144
-144
-144
-143
-143
-143
-143
-142
-142
-142
-142
-142
-143
-143
-143
-142
-142
-142
-142
-142
-142
-141
-142
-142
-142
-142
-142
-142
-142
-142
-142
-142
-142
-142
-142
-141
-142
-141
-141
-141
-141
-141
-141
-141
-140
-140
-140
-140
-140
-140
-140
-140
-140
-140
-140
-140
-140
-139
-140
-139
-139
-139
-139
-139
-139
-139
-139
-139
-139
-139
-139
-138
-139
-139
-139
-137
-137
-138
-137
-137
-137
-137
-137
-137
-136
-136
-136
-135
-135
-135
-135
-135
-134
-134
-133
-133
-133
-133
-133
-132
-132
-131
-131
-131
-130
-130
-129
-129
-129
-129
-129
-129
-129
-128
-128
-128
-128
-128
-128
-128
-127
-128
-128
-128
-128
-128
-127
-128
-128
-128
-128
-128
-129
-129
-129
-129
-130
-129
-130
-130
-130
-131
-131
-132
-132
-132
-133
-133
-134
-135
-135
-135
-136
-136
-137
-138
-138
-139
-139
-140
-141
-141
-141
-142
-143
-143
-144
-144
-145
-146
-146
-146
-147
-148
-147
-148
-148
-148
-149
-150
-150
-150
-150
-150
-150
-150
-150
-150
-150
-150
-150
-150
-150
-150
-150
-149
-149
-150
-149
-148
-149
-148
-148
-148
-148
-147
-147
-147
-146
-147
-146
-145
-146
-145
-144
-143
-144
-143
-143
-142
-142
-141
-141
-140
-141
-140
-139
-140
-139
-139
-139
-139
-138
-139
-138
-138
-138
-137
-138
-137
-137
-136
-137
-137
-137
-136
-136
-136
-136
-136
-136
-136
-135
-136
-136
-136
-135
-135
-135
-135
-135
-135
-135
-135
-135
-135
-135
-134
-134
-134
-135
-135
-134
-134
-134
-134
-134
-134
-134
-134
-134
-134
-134
-134
-134
-134
-133
-133
-133
-133
-133
-133
-133
-133
-132
-132
-131
-132
-132
-131
-132
-132
-131
-132
-132
-132
-133
-132
-132
-133
-133
-133
-133
-133
-132
-132
-132
-132
-132
-131
-131
-131
-131
-131
-131
-131
-131
-131
-131
-131
-131
-131
-131
-131
-131
-131
-131
-130
-130
-130
-131
-132
-131
-131
-131
-132
-132
-132
-132
-132
-132
-132
-132
-132
-132
-132
-133
-133
-133
-133
-132
-132
-133
-133
-133
-133
-133
-133
-133
-133
-133
-134
-134
-133
-133
-133
-134
-134
-135
-134
-134
-134
-134
-135
-135
-135
-135
-134
-134
-135
-135
-135
-135
-135
-136
-136
-136
-136
-136
-136
-136
-136
-136
-136
-136
-136
-136
-137
-137
-137
-136
-136
-136
-136
-136
-136
-136
-136
-136
-136
-135
-135
-135
-135
-135
-135
-135
-136
-136
-135
-135
-135
-136
-135
-135
-135
-135
-135
-135
-135
-136
-136
-136
-136
-136
-136
-136
-136
-136
-136
-136
-136
-136
-136
-136
-136
-136
-137
-137
-137
-137
-137
-137
-137
-137
-137
-137
-138
-138
-138
-138
-138
-138
-138
-138
-137
-137
-138
-137
-137
-137
-137
-137
-137
-137
-137
-137
-137
-137
-137
-137
-137
-137
-137
-137
-137
-137
-137
-137
-138
-138
-138
-138
-137
-137
-137
-138
-138
-138
-138
-138
-138
-138
-139
-139
-139
-139
-139
-139
-139
-139
-139
-139
-139
-139
-139
-138
-138
-138
-138
-138
-138
-138
-138
-138
-138
-138
-138
-138
-138
-138
-138
-138
-138
-138
-138
-138
-138
-138
-138
-139
-139
-139
-139
-139
-139
-139
-139
-140
-139
-139
-139
-139
-139
-139
-139
-139
-139
-138
-138
-138
-138
-138
-137
-137
-137
-137
-137
-136
-137
-137
-137
-137
-137
-136
-136
-136
-136
-136
-137
-137
-137
-137
-137
-137
-137
-137
-137
-137
-137
-137
-136
-137
-137
-137
-136
-136
-136
-135
-135
-135
-135
-135
-134
-135
-135
-135
-135
-136
-135
-136
-136
-137
-136
-137
-138
-138
-139
-140
-140
-141
-142
-143
-143
-144
-145
-146
-147
-148
-148
-149
-151
-151
-152
-153
-153
-154
-154
-154
-155
-155
-155
-155
-155
-154
-155
-154
-153
-153
-152
-151
-151
-150
-149
-148
-147
-147
-145
-145
-144
-143
-143
-142
-142
-142
-141
-141
-140
-140
-140
-139
-139
-139
-138
-138
-137
-137
-136
-136
-135
-135
-135
-134
-134
-133
-133
-133
-132
-132
-131
-131
-131
-132
-131
-131
-131
-131
-131
-131
-131
-131
-131
-131
-131
-130
-131
-131
-131
-131
-131
-131
-131
-131
-131
-131
-131
-130
-130
-130
-130
-130
-130
-130
-129
-129
-129
-129
-129
-129
-129
-129
-129
-129
-129
-130
-130
-130
-130
-130
-130
-130
-130
-130
-130
-130
-130
-130
-131
-131
-131
-131
-131
-130
-131
-131
-131
-131
-131
-131
-131
-131
-130
-130
-129
-129
-127
-127
-125
-124
-122
-120
-118
-116
-114
-112
-109
-107
-106
-104
-102
-102
-100
-101
-102
-104
-107
-110
-116
-122
-128
-137
-145
-156
-166
-178
-189
-202
-215
-228
-242
-255
-268
-281
-293
-303
-313
-320
-328
-334
-337
-340
-341
-340
-338
-334
-329
-321
-313
-304
-294
-283
-271
-259
-246
-233
-220
-207
-194
-182
-170
-158
