# Simple Text Format
# Sampling Rate (Hz):= 1200.00
# Resolution:= 12
# Labels:= ECG	 V2
# Age:=	33
# Gender:=	Masculino
-158
-158
-158
-158
-158
-158
-159
-159
-159
-159
-159
-159
-159
-159
-159
-160
-160
-160
-160
-160
-159
-159
-159
-159
-159
-161
-161
-161
-160
-160
-160
-160
-160
-160
-161
-161
-161
-161
-161
-161
-161
-161
-161
-161
-160
-160
-160
-160
-160
-160
-161
-161
-161
-161
-161
-161
-161
-161
-160
-160
-160
-160
-160
-160
-159
-159
-159
-159
-159
-159
-159
-159
-159
-158
-158
-158
-158
-158
-159
-159
-159
-159
-159
-159
-159
-159
-159
-160
-160
-160
-160
-160
-160
-160
-160
-160
-160
-160
-160
-160
-160
-160
-160
-160
-160
-160
-160
-160
-160
-160
-160
-160
-160
-160
-160
-160
-160
-160
-160
-160
-160
-160
-160
-160
-160
-160
-160
-160
-160
-160
-160
-160
-160
-160
-160
-160
-160
-160
-160
-160
-159
-159
-159
-160
-160
-160
-160
-160
-160
-160
-160
-160
-160
-160
-160
-160
-160
-160
-160
-160
-160
-160
-160
-160
-160
-160
-160
-160
-161
-161
-161
-161
-161
-161
-161
-161
-160
-160
-160
-160
-160
-160
-160
-160
-159
-159
-159
-159
-159
-159
-159
-159
-159
-158
-158
-158
-158
-158
-158
-158
-158
-158
-158
-158
-158
-158
-158
-158
-158
-158
-158
-158
-158
-158
-158
-159
-160
-160
-160
-160
-160
-160
-161
-161
-160
-160
-160
-160
-160
-160
-160
-160
-160
-160
-160
-159
-158
-158
-157
-157
-156
-156
-155
-155
-154
-154
-153
-153
-152
-152
-151
-151
-150
-150
-150
-150
-149
-149
-149
-149
-149
-149
-148
-148
-148
-147
-148
-148
-147
-147
-147
-146
-146
-146
-145
-145
-144
-144
-143
-143
-142
-142
-142
-141
-142
-142
-142
-142
-142
-142
-142
-144
-144
-145
-145
-146
-146
-147
-147
-147
-148
-148
-149
-149
-149
-149
-149
-150
-150
-150
-150
-150
-151
-150
-150
-150
-151
-151
-152
-153
-153
-153
-154
-154
-155
-156
-156
-156
-157
-157
-157
-157
-157
-158
-158
-158
-158
-159
-159
-159
-159
-158
-159
-158
-160
-160
-160
-160
-160
-160
-160
-160
-161
-162
-162
-162
-162
-162
-162
-163
-163
-163
-164
-164
-164
-164
-164
-164
-164
-165
-165
-165
-165
-165
-165
-165
-164
-164
-164
-164
-164
-164
-163
-163
-162
-162
-162
-162
-161
-160
-160
-158
-157
-156
-154
-153
-151
-149
-147
-145
-143
-141
-139
-136
-134
-131
-128
-125
-122
-119
-116
-112
-108
-105
-100
-97
-92
-89
-84
-80
-77
-72
-69
-65
-62
-59
-57
-56
-55
-55
-55
-56
-57
-58
-61
-64
-69
-73
-79
-84
-90
-96
-102
-109
-115
-121
-127
-132
-138
-144
-148
-152
-156
-159
-161
-164
-165
-165
-166
-165
-163
-162
-160
-158
-155
-151
-148
-144
-139
-135
-132
-128
-124
-120
-116
-113
-111
-107
-105
-102
-101
-100
-98
-98
-98
-98
-98
-99
-99
-100
-102
-103
-105
-107
-109
-109
-111
-113
-115
-117
-118
-119
-121
-122
-124
-125
-126
-127
-128
-129
-129
-129
-130
-131
-131
-131
-132
-132
-132
-132
-132
-133
-133
-132
-132
-133
-133
-133
-133
-133
-133
-133
-133
-133
-133
-133
-133
-133
-133
-133
-133
-133
-134
-134
-133
-133
-133
-133
-133
-133
-133
-133
-133
-133
-133
-133
-132
-132
-132
-132
-132
-131
-131
-131
-131
-131
-131
-130
-130
-130
-129
-129
-129
-129
-128
-128
-128
-128
-127
-127
-127
-127
-127
-127
-127
-127
-126
-126
-126
-126
-126
-126
-126
-126
-125
-125
-125
-125
-124
-124
-123
-123
-122
-122
-121
-121
-120
-119
-118
-118
-117
-117
-116
-116
-116
-115
-115
-115
-114
-114
-114
-113
-113
-113
-113
-111
-111
-111
-111
-111
-111
-110
-110
-110
-110
-109
-109
-109
-109
-108
-108
-108
-107
-107
-106
-106
-105
-105
-105
-105
-104
-103
-103
-102
-102
-101
-100
-100
-99
-99
-97
-97
-96
-96
-95
-95
-94
-94
-94
-93
-93
-92
-92
-91
-91
-90
-90
-89
-88
-88
-87
-87
-86
-86
-85
-84
-84
-83
-82
-82
-81
-80
-79
-78
-77
-77
-76
-75
-74
-73
-72
-71
-69
-69
-68
-66
-66
-65
-63
-62
-62
-60
-59
-59
-57
-57
-55
-54
-54
-52
-51
-50
-49
-48
-47
-46
-46
-44
-42
-42
-40
-39
-37
-37
-36
-34
-33
-31
-30
-29
-27
-26
-25
-23
-22
-21
-19
-19
-18
-17
-16
-14
-13
-12
-11
-10
-9
-7
-6
-5
-4
-3
-2
0
1
2
3
4
6
7
8
9
10
11
13
14
15
16
16
16
18
18
19
20
20
21
20
22
22
22
23
23
23
23
23
23
22
22
22
21
21
20
19
18
17
16
15
14
13
11
10
8
7
6
4
2
0
-2
-4
-6
-8
-10
-12
-15
-17
-18
-21
-23
-26
-27
-30
-32
-35
-37
-40
-43
-45
-48
-51
-53
-56
-58
-60
-64
-66
-69
-71
-74
-76
-79
-81
-83
-86
-89
-91
-93
-95
-97
-99
-102
-104
-105
-107
-109
-110
-112
-113
-116
-116
-118
-120
-120
-122
-123
-125
-126
-127
-128
-129
-130
-130
-131
-132
-133
-135
-134
-136
-136
-137
-138
-138
-140
-140
-140
-140
-141
-142
-142
-142
-143
-143
-143
-144
-144
-144
-144
-144
-145
-145
-145
-145
-145
-145
-145
-145
-145
-145
-145
-145
-145
-145
-145
-145
-145
-144
-144
-145
-145
-145
-145
-145
-145
-145
-145
-145
-145
-145
-145
-144
-144
-144
-144
-144
-144
-144
-144
-144
-144
-144
-144
-144
-144
-144
-144
-144
-144
-144
-144
-144
-144
-144
-144
-144
-144
-144
-145
-145
-145
-145
-145
-145
-145
-145
-145
-145
-146
-146
-146
-146
-146
-146
-146
-146
-146
-146
-146
-146
-146
-146
-146
-146
-146
-146
-146
-145
-145
-145
-145
-145
-145
-145
-145
-145
-145
-145
-145
-145
-145
-145
-145
-145
-145
-145
-145
-145
-145
-145
-145
-145
-145
-145
-145
-145
-145
-145
-146
-146
-146
-146
-146
-146
-146
-146
-146
-146
-146
-146
-146
-146
-146
-146
-146
-146
-146
-146
-147
-147
-147
-147
-147
-147
-147
-147
-147
-147
-147
-147
-147
-147
-147
-147
-147
-147
-147
-148
-148
-148
-148
-148
-148
-148
-148
-148
-149
-149
-150
-150
-150
-151
-151
-151
-151
-152
-152
-152
-153
-153
-152
-152
-152
-152
-153
-153
-153
-153
-153
-153
-153
-153
-153
-153
-153
-152
-152
-152
-152
-152
-152
-152
-152
-152
-153
-152
-152
-152
-152
-152
-152
-152
-152
-152
-153
-153
-153
-153
-153
-153
-154
-154
-154
-154
-154
-154
-155
-155
-155
-155
-155
-155
-155
-155
-155
-155
-155
-155
-155
-155
-155
-155
-155
-155
-155
-155
-154
-154
-154
-154
-154
-154
-154
-154
-154
-154
-154
-154
-155
-155
-155
-155
-155
-155
-155
-155
-155
-155
-155
-155
-155
-155
-155
-155
-155
-155
-155
-155
-155
-155
-155
-156
-156
-156
-157
-157
-156
-156
-156
-156
-156
-157
-157
-157
-157
-158
-158
-158
-158
-159
-159
-159
-159
-159
-158
-158
-158
-158
-158
-159
-159
-158
-158
-158
-158
-157
-157
-157
-156
-156
-156
-156
-155
-155
-155
-155
-155
-155
-155
-155
-155
-155
-155
-155
-155
-156
-156
-155
-155
-156
-156
-156
-156
-156
-156
-157
-157
-157
-157
-157
-157
-157
-157
-157
-156
-156
-156
-156
-157
-157
-157
-157
-157
-157
-157
-157
-157
-157
-157
-157
-157
-157
-157
-157
-157
-157
-157
-157
-157
-157
-157
-157
-157
-157
-157
-157
-156
-156
-156
-156
-156
-156
-156
-156
-156
-156
-156
-156
-155
-155
-155
-156
-156
-155
-155
-155
-155
-155
-155
-155
-155
-155
-155
-155
-155
-155
-155
-155
-155
-155
-155
-155
-155
-156
-156
-156
-156
-156
-156
-156
-156
-156
-156
-156
-156
-156
-156
-156
-156
-156
-156
-156
-156
-156
-156
-156
-156
-156
-156
-156
-156
-156
-156
-157
-157
-157
-157
-157
-157
-157
-157
-157
-157
-157
-157
-157
-156
-156
-156
-157
-157
-156
-156
-156
-156
-156
-156
-156
-156
-155
-155
-155
-155
-155
-155
-155
-156
-156
-156
-155
-156
-156
-156
-156
-156
-156
-156
-156
-156
-156
-156
-156
-156
-156
-156
-156
-156
-156
-156
-156
-156
-156
-156
-156
-156
-155
-155
-155
-155
-155
-155
-155
-155
-155
-155
-155
-155
-155
-156
-156
-156
-156
-156
-156
-156
-157
-157
-157
-157
-157
-157
-157
-157
-157
-156
-156
-156
-156
-156
-156
-155
-155
-155
-155
-155
-154
-154
-154
-154
-154
-154
-154
-154
-154
-154
-154
-154
-154
-154
-154
-154
-154
-153
-153
-153
-153
-153
-152
-152
-152
-152
-152
-151
-151
-150
-150
-149
-149
-149
-148
-148
-147
-147
-146
-146
-146
-146
-145
-145
-145
-145
-144
-143
-143
-143
-143
-143
-143
-142
-142
-142
-142
-141
-141
-141
-140
-140
-139
-139
-138
-137
-136
-136
-136
-135
-135
-135
-135
-134
-135
-135
-135
-135
-135
-136
-136
-137
-137
-138
-139
-139
-140
-141
-142
-142
-143
-143
-144
-144
-144
-144
-146
-146
-146
-146
-147
-147
-148
-149
-149
-149
-150
-150
-151
-151
-152
-153
-153
-153
-153
-154
-154
-154
-154
-154
-154
-154
-154
-154
-154
-154
-154
-154
-155
-155
-155
-155
-155
-155
-155
-155
-156
-157
-157
-157
-157
-158
-158
-158
-159
-160
-160
-160
-160
-160
-160
-160
-160
-160
-160
-160
-160
-160
-160
-159
-159
-159
-159
-159
-158
-158
-158
-158
-158
-158
-158
-157
-157
-156
-156
-156
-154
-154
-153
-152
-151
-149
-147
-145
-144
-142
-140
-137
-135
-133
-130
-128
-124
-122
-119
-115
-112
-109
-106
-101
-98
-94
-90
-86
-82
-78
-74
-71
-67
-63
-60
-57
-55
-53
-51
-52
-52
-53
-54
-56
-58
-61
-65
-69
-75
-80
-87
-93
-100
-106
-114
-121
-126
-133
-138
-145
-150
-154
-158
-163
-166
-168
-170
-171
-171
-171
-170
-169
-166
-164
-161
-157
-154
-149
-145
-140
-136
-132
-127
-123
-119
-115
-112
-109
-106
-103
-101
-99
-98
-96
-96
-95
-95
-96
-97
-98
-99
-100
-102
-103
-105
-107
-109
-111
-112
-114
-116
-117
-119
-120
-122
-123
-124
-124
-126
-127
-127
-127
-128
-127
-128
-128
-128
-129
-129
-129
-129
-129
-129
-129
-129
-130
-130
-130
-130
-130
-130
-130
-130
-130
-130
-131
-131
-131
-131
-131
-130
-130
-130
-130
-131
-131
-131
-131
-131
-131
-131
-131
-130
-130
-130
-130
-130
-129
-130
-130
-129
-129
-129
-128
-128
-128
-128
-127
-127
-127
-126
-126
-126
-126
-126
-126
-126
-126
-125
-125
-125
-125
-125
-125
-125
-124
-124
-124
-124
-124
-124
-124
-124
-124
-123
-123
-123
-122
-122
-122
-122
-121
-121
-120
-120
-120
-120
-120
-119
-119
-118
-118
-118
-117
-117
-117
-117
-116
-115
-115
-114
-114
-114
-114
-114
-113
-112
-112
-111
-111
-111
-110
-110
-109
-109
-109
-109
-109
-108
-108
-107
-107
-106
-106
-105
-105
-104
-104
-104
-104
-102
-102
-102
-101
-101
-101
-100
-100
-100
-99
-99
-98
-97
-97
-97
-96
-95
-95
-94
-94
-94
-94
-92
-92
-92
-92
-91
-90
-89
-88
-88
-87
-87
-86
-85
-85
-85
-83
-83
-82
-82
-81
-80
-79
-78
-78
-77
-76
-75
-74
-74
-73
-72
-71
-70
-69
-68
-67
-66
-65
-64
-63
-62
-62
-61
-60
-58
-57
-56
-55
-55
-54
-53
-52
-51
-50
-49
-47
-46
-45
-45
-44
-43
-42
-41
-40
-39
-38
-37
-35
-34
-33
-32
-31
-29
-28
-27
-26
-24
-23
-22
-20
-19
-17
-16
-15
-14
-13
-12
-10
-9
-8
-7
-5
-4
-3
-2
-1
0
1
2
4
4
5
6
7
7
8
9
10
11
11
12
13
13
14
15
15
16
16
16
16
17
17
17
17
17
16
16
16
15
15
14
13
12
11
10
10
9
8
6
4
3
2
0
-2
-4
-6
-8
-10
-11
-13
-15
-18
-19
-21
-23
-27
-29
-32
-34
-37
-39
-41
-43
-46
-48
-51
-53
-56
-59
-61
-64
-66
-68
-71
-73
-76
-78
-81
-83
-85
-88
-90
-93
-95
-97
-99
-101
-103
-104
-107
-109
-111
-112
-114
-115
-117
-118
-120
-121
-122
-123
-124
-126
-127
-128
-129
-130
-131
-132
-133
-133
-134
-135
-135
-136
-136
-137
-137
-138
-139
-140
-140
-140
-141
-141
-141
-142
-143
-143
-143
-144
-144
-145
-145
-145
-145
-145
-145
-145
-145
-145
-145
-145
-146
-146
-146
-146
-146
-146
-146
-146
-146
-146
-146
-146
-145
-145
-146
-146
-146
-146
-146
-146
-146
-146
-146
-146
-146
-146
-146
-146
-146
-147
-147
-147
-147
-147
-147
-147
-147
-147
-147
-147
-147
-147
-147
-147
-147
-147
-147
-147
-147
-147
-147
-147
-147
-147
-147
-146
-146
-146
-146
-146
-147
-146
-146
-146
-146
-147
-147
-147
-148
-148
-148
-147
-147
-147
-147
-147
-147
-148
-148
-148
-148
-148
-148
-148
-148
-148
-148
-148
-148
-148
-148
-148
-148
-148
-148
-149
-149
-149
-149
-149
-150
-149
-149
-149
-149
-149
-149
-149
-149
-149
-149
-149
-149
-149
-149
-148
-148
-148
-148
-147
-147
-147
-147
-147
-148
-148
-148
-148
-148
-148
-148
-148
-148
-148
-148
-148
-148
-148
-149
-149
-149
-149
-149
-149
-149
-149
-149
-150
-150
-150
-150
-150
-151
-151
-151
-151
-151
-152
-152
-152
-152
-152
-152
-152
-152
-153
-153
-153
-153
-153
-153
-153
-153
-153
-153
-153
-153
-154
-154
-154
-154
-154
-154
-154
-154
-154
-155
-155
-155
-155
-155
-155
-155
-155
-155
-155
-155
-155
-156
-156
-156
-156
-156
-156
-156
-156
-156
-156
-156
-156
-156
-156
-156
-156
-157
-157
-157
-157
-157
-157
-157
-157
-157
-157
-158
-158
-158
-158
-158
-158
-158
-158
-158
-158
-159
-159
-159
-159
-159
-159
-159
-159
-159
-159
-159
-160
-160
-160
-160
-160
-160
-160
-160
-158
-158
-158
-158
-158
-158
-158
-158
-158
-158
-158
-158
-158
-158
-158
-158
-158
-158
-158
-158
-158
-158
-158
-158
-158
-158
-159
-159
-159
-159
-159
-159
-160
-160
-160
-160
-160
-160
-160
-160
-160
-160
-159
-160
-160
-160
-160
-160
-160
-159
-159
-159
-159
-159
-159
-159
-158
-158
-158
-158
-158
-158
-158
-158
-158
-157
-157
-157
-157
-158
-158
-158
-158
-158
-158
-158
-158
-158
-158
-158
-159
-159
-159
-160
-160
-160
-160
-160
-160
-160
-160
-160
-160
-160
-160
-160
-160
-160
-161
-161
-161
-160
-160
-160
-160
-160
-160
-160
-160
-160
-160
-160
-160
-160
-160
-160
-160
-160
-160
-160
-160
-160
-161
-161
-161
-161
-161
-161
-161
-161
-161
-161
-161
-160
-159
-159
-160
-160
-159
-159
-159
-159
-159
-159
-159
-159
-159
-159
-159
-159
-159
-159
-159
-159
-160
-160
-160
-160
-160
-160
-160
-160
-160
-160
-160
-160
-160
-159
-159
-159
-159
-159
-159
-159
-159
-159
-158
-158
-158
-158
-158
-158
-158
-159
-159
-159
-159
-159
-159
-159
-159
-159
-159
-159
-159
-159
-160
-160
-160
-160
-160
-160
-160
-160
-160
-160
-160
-160
-160
-160
-160
-161
-161
-161
-161
-161
-161
-161
-161
-161
-161
-161
-162
-162
-162
-162
-162
-163
-163
-163
-163
-163
-163
-163
-163
-163
-163
-163
-163
-163
-162
-162
-162
-161
-161
-161
-161
-160
-160
-160
-160
-159
-159
-159
-159
-159
-159
-159
-159
-159
-159
-159
-159
-159
-159
-159
-159
-160
-159
-159
-159
-159
-159
-159
-158
-158
-157
-157
-157
-157
-156
-156
-155
-155
-154
-154
-152
-152
-151
-151
-152
-151
-150
-150
-150
-150
-150
-149
-148
-148
-148
-148
-147
-147
-147
-147
-146
-146
-145
-145
-144
-144
-143
-143
-143
-142
-142
-142
-142
-142
-143
-143
-143
-143
-143
-144
-144
-145
-145
-146
-146
-147
-147
-148
-149
-149
-150
-150
-150
-151
-151
-152
-152
-152
-152
-152
-152
-153
-154
-154
-154
-155
-155
-155
-155
-155
-157
-157
-157
-157
-158
-158
-158
-159
-159
-160
-160
-160
-161
-161
-161
-162
-161
-162
-162
-163
-162
-163
-163
-164
-164
-164
-164
-164
-165
-165
-165
-165
-165
-165
-165
-166
-167
-167
-166
-166
-166
-167
-167
-167
-167
-167
-167
-166
-166
-166
-166
-166
-165
-165
-165
-165
-165
-165
-165
-165
-164
-163
-163
-163
-162
-162
-162
-160
-160
-159
-158
-156
-155
-154
-152
-150
-148
-146
-144
-141
-139
-137
-133
-131
-128
-125
-122
-118
-115
-111
-107
-103
-99
-95
-91
-87
-83
-79
-75
-71
-68
-64
-62
-59
-58
-57
-57
-56
-57
-59
-61
-63
-67
-70
-76
-81
-87
-93
-98
-105
-111
-117
-124
-130
-135
-141
-145
-150
-153
-156
-160
-161
-164
-164
-165
-165
-163
-163
-160
-159
-156
-153
-150
-147
-143
-140
-135
-132
-128
-125
-121
-118
-115
-112
-110
-107
-106
-104
-103
-102
-101
-101
-101
-101
-102
-103
-104
-105
-107
-108
-110
-111
-114
-116
-118
-119
-121
-123
-125
-126
-128
-130
-131
-132
-134
-134
-136
-137
-138
-139
-138
-139
-140
-140
-140
-141
-141
-141
-141
-141
-141
-142
-142
-142
-142
-142
-142
-142
-142
-142
-142
-142
-142
-142
-142
-142
-142
-142
-142
-141
-141
-141
-141
-141
-141
-142
-142
-142
-142
-142
-142
-142
-142
-142
-142
-142
-142
-142
-142
-142
-142
-142
-141
-140
-140
-140
-140
-140
-139
-139
-139
-139
-139
-138
-138
-137
-137
-136
-136
-136
-136
-135
-135
-135
-134
-134
-134
-133
-133
-132
-132
-131
-131
-131
-130
-130
-130
-129
-129
-128
-128
-128
-128
-127
-127
-126
-127
-126
-126
-126
-125
-125
-125
-124
-124
-125
-125
-125
-124
-123
-123
-123
-122
-123
-123
-122
-122
-122
-122
-121
-121
-120
-120
-120
-119
-119
-119
-118
-118
-118
-116
-117
-117
-116
-115
-114
-114
-113
-113
-113
-112
-112
-111
-111
-110
-110
-109
-109
-108
-108
-107
-107
-106
-106
-105
-105
-105
-104
-104
-103
-103
-102
-102
-101
-101
-100
-100
-99
-98
-98
-97
-96
-95
-94
-93
-94
-92
-91
-91
-90
-89
-88
-88
-86
-86
-86
-84
-83
-83
-81
-80
-79
-79
-77
-76
-77
-75
-74
-74
-72
-71
-70
-69
-67
-66
-65
-64
-63
-62
-61
-61
-59
-58
-57
-56
-55
-54
-53
-52
-50
-49
-48
-47
-46
-44
-43
-42
-41
-39
-38
-37
-35
-34
-33
-31
-30
-28
-27
-26
-24
-23
-22
-20
-19
-18
-16
-15
-14
-12
-11
-11
-11
-10
-9
-7
-6
-5
-4
-3
-2
-1
0
1
1
2
3
4
4
6
7
7
8
9
9
9
10
10
10
11
11
11
11
10
10
10
9
9
8
8
7
6
6
5
4
3
2
0
-1
-3
-4
-6
-8
-9
-10
-12
-14
-16
-19
-20
-22
-25
-27
-30
-32
-35
-37
-39
-42
-45
-47
-50
-53
-55
-57
-60
-63
-66
-69
-71
-74
-77
-79
-82
-84
-87
-89
-91
-94
-96
-98
-100
-103
-105
-107
-109
-111
-114
-115
-117
-119
-121
-122
-124
-125
-127
-129
-130
-132
-133
-134
-135
-136
-137
-139
-140
-141
-142
-142
-143
-144
-144
-146
-147
-147
-148
-148
-148
-150
-150
-150
-151
-151
-151
-152
-152
-152
-153
-154
-154
-154
-154
-154
-155
-155
-155
-155
-155
-155
-156
-156
-156
-156
-156
-156
-156
-156
-157
-157
-157
-157
-157
-157
-157
-157
-157
-157
-157
-158
-158
-158
-158
-158
-158
-158
-158
-158
-158
-159
-159
-159
-159
-159
-160
-160
-160
-160
-159
-159
-159
-160
-160
-160
-160
-160
-160
-160
-160
-160
-160
-160
-161
-161
-161
-161
-161
-161
-161
-161
-161
-161
-161
-161
-161
-161
-161
-161
-161
-161
-161
-161
-161
-161
-162
-162
-162
-162
-162
-162
-162
-163
-163
-163
-163
-163
-163
-162
-163
-163
-163
-163
-163
-163
-163
-163
-163
-163
-163
-162
-162
-162
-162
-162
-162
-162
-161
-161
-161
-161
-161
-162
-161
-161
-161
-161
-161
-161
-161
-161
-161
-161
-161
-161
-161
-162
-162
-162
-162
-163
-163
-163
-163
-163
-164
-164
-164
-164
-164
-164
-165
-165
-165
-165
-165
-165
-165
-165
-165
-165
-165
-165
-165
-165
-165
-165
-165
-165
-165
-165
-165
-165
-165
-165
-166
-166
-166
-166
-166
-166
-167
-167
-167
-167
-166
-167
-167
-167
-167
-167
-167
-167
-167
-167
-168
-168
-168
-168
-169
-169
-169
-169
-169
-169
-170
-170
-170
-170
-170
-170
-170
-170
-170
-170
-170
-170
-170
-170
-170
-170
-170
-170
-171
-171
-171
-171
-171
-171
-171
-171
-172
-172
-172
-172
-172
-172
-173
-172
-172
-172
-172
-172
-172
-172
-172
-172
-172
-172
-172
-172
-173
-173
-173
-173
-173
-173
-173
-173
-173
-173
-173
-173
-173
-173
-173
-174
-174
-173
-173
-173
-173
-173
-174
-174
-174
-174
-174
-174
-174
-174
-174
-174
-174
-174
-174
-174
-174
-174
-174
-174
-174
-174
-174
-174
-174
-174
-174
-174
-174
-174
-175
-176
-176
-176
-176
-176
-177
-177
-177
-177
-177
-177
-177
-177
-178
-178
-178
-178
-178
-178
-178
-178
-177
-176
-176
-176
-176
-176
-176
-176
-175
-175
-175
-175
-175
-175
-175
-175
-174
-174
-174
-174
-174
-174
-174
-174
-174
-174
-174
-175
-175
-175
-175
-175
-176
-176
-176
-176
-176
-176
-176
-176
-175
-175
-175
-176
-176
-176
-176
-176
-176
-176
-176
-176
-176
-176
-176
-176
-176
-176
-176
-176
-176
-177
-177
-177
-177
-176
-176
-176
-176
-176
-176
-176
-176
-176
-176
-176
-176
-176
-176
-176
-176
-176
-176
-176
-175
-175
-175
-176
-176
-176
-176
-176
-176
-176
-176
-176
-176
-176
-176
-176
-176
-176
-176
-176
-176
-176
-176
-176
-176
-177
-177
-177
-177
-177
-177
-177
-177
-177
-178
-178
-178
-177
-177
-177
-177
-177
-177
-177
-177
-177
-177
-178
-178
-178
-178
-178
-178
-178
-178
-177
-177
-177
-177
-177
-177
-177
-177
-177
-177
-177
-177
-177
-177
-177
-177
-177
-177
-177
-177
-177
-177
-176
-176
-176
-176
-176
-176
-176
-176
-177
-177
-177
-176
-176
-176
-176
-176
-176
-176
-177
-177
-177
-177
-177
-177
-177
-177
-177
-177
-177
-177
-177
-177
-177
-177
-177
-178
-178
-178
-178
-178
-178
-178
-178
-178
-178
-178
-178
-178
-178
-178
-178
-178
-178
-178
-179
-179
-179
-179
-179
-179
-178
-178
-178
-178
-178
-178
-178
-178
-178
-178
-178
-178
-178
-178
-178
-178
-178
-178
-178
-178
-178
-178
-178
-178
-178
-178
-178
-178
-178
-178
-178
-178
-178
-178
-179
-179
-179
-179
-179
-179
-179
-178
-178
-178
-178
-177
-177
-177
-177
-176
-176
-176
-176
-176
-175
-175
-175
-173
-173
-173
-173
-173
-171
-171
-171
-171
-170
-170
-170
-170
-169
-168
-168
-168
-168
-168
-167
-167
-167
-167
-166
-166
-166
-165
-165
-165
-165
-164
-164
-163
-162
-163
-161
-160
-161
-160
-160
-160
-159
-159
-159
-159
-160
-160
-161
-161
-162
-162
-163
-164
-164
-165
-166
-167
-167
-168
-169
-169
-170
-170
-170
-170
-172
-172
-172
-172
-172
-172
-172
-173
-173
-173
-174
-174
-174
-174
-175
-175
-175
-175
-175
-176
-176
-176
-176
-176
-176
-176
-176
-176
-176
-177
-177
-177
-177
-177
-177
-178
-178
-178
-178
-178
-179
-179
-179
-180
-181
-181
-181
-182
-182
-182
-182
-182
-183
-183
-184
-184
-184
-184
-184
-184
-184
-184
-184
-184
-184
-184
-184
-184
-184
-184
-184
-183
-182
-182
-182
-183
-183
-182
-182
-182
-181
-181
-180
-180
-179
-177
-176
-175
-173
-172
-170
-168
-166
-164
-162
-159
-157
-154
-151
-148
-145
-142
-137
-134
-131
-127
-122
-119
-114
-110
-106
-102
-98
-94
-90
-87
-84
-81
-79
-77
-77
-76
-77
-78
-79
-82
-84
-88
-92
-97
-103
-109
-114
-121
-127
-134
-140
-147
-151
-156
-162
-167
-172
-176
-179
-183
-184
-187
-188
-189
-188
-188
-186
-185
-183
-180
-176
-174
-170
-166
-162
-158
-154
-150
-147
-143
-140
-137
-133
-131
-129
-126
-124
-123
-122
-121
-121
-121
-122
-122
-123
-124
-126
-127
-129
-130
-132
-134
-136
-138
-139
-140
-143
-143
-145
-146
-148
-149
-150
-151
-152
-152
-153
-153
-153
-154
-154
-154
-154
-154
-154
-154
-154
-154
-154
-154
-154
-154
-154
-154
-154
-154
-153
-153
-153
-153
-153
-153
-153
-154
-154
-154
-154
-155
-155
-154
-154
-154
-154
-154
-154
-154
-154
-154
-154
-154
-153
-152
-152
-152
-152
-152
-152
-151
-151
-151
-151
-150
-150
-150
-150
-150
-150
-150
-149
-149
-149
-149
-149
-149
-149
-149
-149
-148
-148
-148
-148
-148
-148
-147
-147
-147
-147
-146
-146
-146
-145
-145
-145
-144
-144
-144
-143
-143
-143
-143
-142
-142
-142
-141
-141
-141
-141
-140
-140
-139
-139
-138
-138
-138
-138
-137
-137
-137
-137
-136
-136
-136
-135
-135
-135
-135
-134
-134
-134
-133
-133
-133
-132
-132
-131
-131
-131
-130
-130
-129
-130
-129
-129
-128
-127
-127
-126
-126
-125
-125
-124
-124
-122
-122
-121
-121
-120
-120
-119
-118
-118
-117
-116
-115
-115
-114
-114
-113
-113
-113
-112
-111
-111
-110
-109
-108
-108
-107
-107
-106
-105
-104
-104
-103
-102
-101
-100
-99
-99
-98
-96
-95
-94
-93
-93
-92
-91
-90
-89
-88
-88
-87
-85
-85
-84
-83
-82
-81
-80
-79
-79
-78
-77
-76
-74
-73
-72
-71
-70
-69
-68
-67
-64
-63
-62
-61
-59
-58
-57
-54
-53
-52
-50
-50
-49
-47
-46
-44
-43
-42
-42
-40
-39
-38
-37
-36
-35
-34
-33
-31
-31
-29
-29
-28
-26
-25
-24
-23
-21
-20
-19
-18
-16
-15
-14
-13
-12
-11
-10
-10
-9
-8
-7
-6
-5
-4
-3
-3
-2
-1
-1
0
0
1
1
1
2
2
2
2
2
2
1
1
1
0
1
0
-1
-1
-2
-3
-4
-4
-5
-8
-8
-8
-10
-11
-13
-14
-16
-18
-20
-22
-24
-26
-29
-31
-33
-36
-38
-41
-43
-46
-49
-52
-54
-57
-60
-63
-65
-68
-71
-73
-76
-79
-81
-84
-88
-90
-93
-95
-98
-100
-103
-104
-106
-109
-111
-113
-115
-117
-119
-121
-123
-125
-127
-129
-131
-132
-134
-135
-138
-139
-141
-142
-143
-146
-147
-148
-149
-150
-152
-153
-154
-155
-157
-157
-158
-158
-159
-160
-160
-160
-161
-161
-162
-162
-162
-162
-163
-163
-163
-164
-164
-164
-164
-164
-165
-165
-165
-165
-165
-166
-166
-166
-166
-166
-167
-168
-168
-168
-167
-167
-168
-168
-168
-168
-168
-169
-169
-169
-169
-168
-168
-169
-169
-169
-169
-169
-169
-169
-169
-169
-169
-169
-169
-169
-169
-169
-169
-169
-170
-170
-170
-170
-170
-170
-170
-171
-170
-170
-170
-170
-170
-171
-171
-171
-171
-171
-171
-171
-171
-171
-171
-171
-171
-171
-171
-171
-171
-171
-172
-172
-172
-172
-172
-172
-172
-173
-173
-173
-173
-174
-174
-174
-174
-174
-174
-174
-174
-174
-174
-174
-174
-174
-174
-174
-174
-173
-173
-173
-173
-173
-174
-174
-174
-174
-174
-174
-174
-174
-174
-174
-174
-174
-174
-174
-175
-175
-175
-175
-175
-175
-175
-176
-176
-177
-177
-177
-177
-177
-177
-177
-177
-177
-177
-177
-177
-177
-177
-177
-177
-177
-177
-177
-177
-177
-177
-177
-177
-177
-178
-178
-179
-179
-179
-179
-179
-179
-179
-179
-180
-180
-180
-180
-180
-180
-180
-180
-181
-181
-181
-181
-181
-181
-182
-182
-182
-182
-183
-183
-183
-184
-184
-184
-184
-184
-184
-185
-185
-185
-185
-186
-187
-187
-186
-186
-186
-187
-187
-187
-187
-187
-188
-188
-188
-188
-188
-188
-188
-188
-189
-189
-189
-189
-189
-189
-189
-189
-189
-189
-189
-190
-190
-190
-190
-190
-190
-190
-190
-190
-190
-190
-190
-190
-190
-190
-189
-189
-190
-190
-190
-190
-190
-190
-190
-190
-190
-190
-189
-189
-189
-189
-189
-189
-189
-189
-189
-189
-190
-190
-190
-190
-190
-190
-190
-190
-190
-190
-191
-191
-191
-191
-191
-191
-192
-192
-192
-192
-193
-193
-193
-193
-193
-193
-194
-194
-194
-193
-193
-193
-193
-193
-193
-192
-192
-192
-192
-192
-192
-191
-191
-191
-191
-191
-191
-190
-191
-191
-191
-191
-191
-191
-191
-192
-192
-192
-192
-192
-192
-192
-192
-192
-192
-193
-193
-193
-193
-193
-193
-193
-193
-193
-193
-193
-193
-193
-193
-193
-193
-193
-193
-194
-194
-194
-194
-194
-194
-193
-194
-194
-194
-194
-194
-195
-195
-195
-195
-195
-195
-195
-195
-195
-195
-195
-195
-195
-195
-194
-195
-195
-195
-194
-193
-193
-193
-193
-193
-192
-192
-192
-192
-192
-193
-193
-193
-193
-192
-192
-192
-191
-193
-193
-193
-193
-193
-193
-193
-193
-193
-193
-193
-193
-193
-194
-194
-194
-194
-194
-194
-194
-194
-194
-194
-194
-194
-194
-194
-194
-194
-194
-194
-194
-195
-195
-195
-195
-195
-196
-196
-196
-196
-196
-196
-195
-195
-196
-196
-196
-196
-196
-196
-196
-196
-196
-196
-196
-196
-196
-196
-196
-196
-196
-196
-196
-196
-196
-195
-196
-195
-195
-195
-194
-194
-194
-194
-194
-194
-194
-194
-194
-194
-194
-194
-194
-193
-193
-193
-193
-193
-193
-193
-193
-193
-193
-193
-193
-193
-193
-192
-192
-192
-191
-191
-191
-191
-192
-192
-192
-192
-192
-192
-192
-192
-192
-192
-192
-192
-192
-191
-192
-192
-191
-191
-192
-192
-192
-192
-192
-192
-192
-192
-192
-192
-192
-192
-192
-193
-192
-193
-193
-193
-193
-193
-193
-193
-194
-194
-194
-194
-194
-194
-194
-194
-194
-194
-193
-193
-193
-193
-193
-193
-192
-192
-192
-192
-192
-192
-192
-192
-192
-192
-192
-191
-191
-191
-191
-190
-190
-190
-190
-190
-190
-190
-189
-189
-189
-188
-188
-188
-187
-186
-186
-186
-186
-185
-184
-184
-184
-183
-182
-182
-182
-181
-182
-182
-182
-180
-180
-180
-180
-180
-179
-179
-179
-178
-178
-177
-177
-176
-176
-175
-175
-174
-173
-173
-172
-171
-170
-170
-169
-169
-168
-168
-168
-167
-167
-167
-167
-168
-169
-169
-168
-169
-170
-170
-171
-171
-172
-173
-172
-173
-173
-174
-174
-174
-175
-174
-175
-175
-175
-175
-175
-176
-176
-176
-176
-176
-177
-177
-178
-178
-178
-179
-179
-180
-179
-180
-180
-180
-181
-181
-181
-181
-181
-181
-181
-181
-182
-181
-182
-182
-181
-181
-182
-182
-182
-182
-182
-182
-182
-182
-182
-183
-182
-182
-182
-183
-182
-182
-182
-182
-183
-183
-182
-182
-181
-181
-181
-181
-181
-181
-181
-180
-180
-179
-178
-178
-178
-177
-177
-176
-176
-176
-175
-175
-174
-173
-172
-172
-170
-169
-168
-166
-164
-163
-161
-159
-157
-155
-152
-150
-147
-145
-142
-140
-136
-133
-130
-126
-122
-119
-114
-111
-106
-102
-97
-93
-88
-84
-79
-75
-71
-68
-65
-62
-60
-59
-59
-59
-60
-61
-63
-65
-69
-72
-77
-82
-88
-94
-100
-107
-114
-120
-127
-133
-140
-146
-151
-156
-160
-164
-168
-170
-173
-175
-175
-174
-174
-173
-171
-168
-165
-162
-157
-154
-149
-144
-140
-135
-130
-126
-122
-117
-113
-109
-106
-103
-100
-98
-96
-94
-93
-92
-92
-92
-93
-94
-94
-96
-97
-98
-100
-102
-104
-106
-108
-110
-112
-114
-115
-116
-118
-120
-121
-122
-122
-124
-124
-125
-125
-126
-125
-126
-126
-126
-125
-125
-125
-125
-124
-124
-124
-124
-124
-124
-122
-122
-122
-122
-122
-121
-121
-121
-120
-120
-119
-119
-119
-119
-119
-118
-118
-118
-118
-118
-119
-118
-118
-118
-117
-117
-117
-117
-118
-118
-117
-117
-117
-116
-116
-116
-115
-115
-115
-114
-114
-114
-113
-113
-113
-113
-112
-112
-111
-111
-110
-110
-110
-110
-109
-109
-109
-109
-108
-108
-108
-107
-107
-107
-107
-106
-105
-105
-105
-105
-104
-104
-104
-103
-103
-103
-103
-102
-101
-101
-101
-100
-100
-100
-100
-100
-99
-98
-98
-98
-98
-97
-97
-97
-97
-96
-96
-95
-95
-95
-94
-94
-92
-92
-91
-91
-90
-90
-89
-89
-88
-88
-87
-86
-86
-85
-85
-84
-84
-83
-83
-82
-82
-81
-81
-80
-80
-79
-79
-79
-78
-78
-77
-77
-77
-76
-76
-75
-76
-75
-75
-74
-74
-73
-72
-72
-71
-71
-70
-69
-69
-68
-67
-67
-66
-65
-65
-64
-63
-63
-62
-61
-62
-61
-60
-60
-59
-58
-58
-57
-56
-55
-55
-54
-53
-52
-51
-50
-49
-48
-47
-46
-45
-45
-44
-43
-42
-41
-40
-39
-38
-36
-35
-34
-34
-33
-32
-31
-30
-29
-28
-26
-26
-25
-24
-23
-22
-21
-20
-20
-18
-17
-16
-15
-13
-12
-11
-9
-8
-8
-5
-5
-3
-2
-1
1
2
4
5
6
8
8
9
11
12
13
14
15
17
18
19
20
21
21
22
23
24
23
24
25
26
27
27
27
28
28
29
29
30
30
31
30
30
30
31
31
31
31
31
31
30
30
30
29
29
28
27
26
27
26
25
23
22
21
20
19
18
17
15
14
12
10
8
7
5
3
0
-2
-4
-6
-9
-11
-14
-15
-18
-20
-23
-26
-28
-31
-34
-35
-38
-41
-44
-46
-49
-52
-54
-57
-60
-61
-63
-66
-68
-71
-73
-76
-78
-80
-83
-85
-87
-88
-90
-93
-94
-95
-97
-99
-101
-102
-103
-104
-105
-107
-108
-109
-110
-111
-112
-113
-114
-115
-116
-116
-117
-119
-118
-120
-121
-121
-123
-123
-124
-124
-125
-125
-126
-126
-127
-127
-128
-129
-128
-129
-130
-129
-129
-129
-130
-130
-130
-130
-130
-131
-131
-131
-131
-130
-130
-130
-131
-131
-130
-130
-131
-131
-131
-131
-131
-132
-132
-132
-132
-132
-132
-132
-132
-131
-130
-130
-130
-130
-130
-129
-129
-129
-128
-127
-127
-127
-127
-127
-126
-126
-126
-127
-127
-127
-127
-128
-128
-129
-129
-129
-129
-129
-129
-129
-129
-129
-130
-129
-129
-129
-129
-128
-128
-128
-128
-128
-128
-128
-127
-127
-127
-127
-127
-126
-126
-126
-125
-125
-125
-125
-125
-125
-125
-126
-126
-126
-126
-126
-126
-126
-126
-125
-124
-124
-124
-124
-124
-124
-124
-123
-123
-123
-122
-122
-123
-123
-122
-123
-123
-123
-123
-124
-124
-124
-124
-125
-125
-125
-127
-127
-127
-128
-128
-128
-128
-128
-128
-128
-127
-127
-127
-127
-127
-127
-127
-127
-127
-127
-127
-127
-127
-127
-127
-128
-128
-128
-128
-128
-128
-129
-129
-129
-130
-130
-130
-130
-131
-131
-131
-131
-132
-132
-133
-133
-133
-134
-134
-134
-134
-135
-135
-135
-135
-135
-135
-135
-135
-135
-136
-136
-136
-136
-136
-137
-137
-137
-137
-138
-138
-139
-139
-139
-140
-140
-141
-142
-142
-142
-143
-143
-144
-145
-145
-145
-146
-146
-146
-146
-146
-146
-146
-145
-145
-145
-146
-146
-146
-146
-146
-146
-146
-146
-147
-147
-147
-147
-148
-148
-148
-148
-149
-149
-149
-150
-150
-150
-151
-152
-152
-152
-152
-152
-154
-154
-154
-154
-154
-154
-154
-154
-155
-155
-155
-155
-155
-155
-155
-155
-155
-155
-155
-155
-156
-156
-155
-155
-155
-155
-155
-155
-155
-155
-155
-156
-156
-156
-156
-156
-156
-157
-157
-157
-157
-158
-158
-158
-158
-158
-158
-158
-158
-159
-159
-159
-159
-159
-159
-159
-159
-159
-159
-159
-159
-159
-159
-159
-160
-160
-160
-160
-160
-160
-160
-160
-160
-160
-160
-160
-160
-160
-160
-160
-160
-160
-160
-160
-161
-161
-161
-161
-162
-163
-163
-164
-164
-164
-164
-165
-165
-165
-165
-165
-164
-164
-164
-164
-164
-164
-164
-164
-163
-163
-163
-163
-162
-163
-163
-163
-162
-162
-162
-162
-163
-163
-163
-162
-162
-162
-163
-163
-163
-163
-162
-162
-163
-162
-162
-163
-163
-163
-163
-163
-163
-163
-163
-163
-164
-164
-164
-164
-164
-164
-165
-165
-165
-165
-165
-165
-165
-165
-165
-165
-165
-165
-166
-166
-166
-165
-165
-165
-165
-165
-165
-165
-165
-165
-165
-165
-164
-164
-164
-164
-165
-165
-165
-165
-165
-165
-166
-166
-167
-167
-167
-167
-167
-167
-167
-167
-167
-168
-168
-168
-168
-168
-168
-168
-168
-168
-168
-168
-168
-168
-168
-168
-168
-168
-168
-168
-168
-168
-169
-169
-168
-167
-167
-167
-167
-167
-167
-167
-167
-168
-168
-168
-168
-168
-167
-167
-167
-167
-167
-168
-168
-168
-168
-168
-168
-168
-168
-168
-168
-168
-168
-168
-168
-168
-168
-169
-169
-169
-169
-169
-169
-169
-170
-170
-170
-170
-170
-170
-170
-170
-171
-171
-170
-170
-170
-170
-170
-170
-170
-170
-170
-170
-168
-168
-168
-168
-168
-168
-168
-168
-168
-168
-168
-167
-167
-167
-167
-167
-167
-167
-167
-167
-167
-167
-167
-167
-167
-167
-167
-167
-166
-166
-166
-166
-166
-166
-166
-165
-165
-165
-165
-165
-165
-165
-165
-163
-163
-163
-162
-162
-162
-162
-161
-161
-161
-160
-160
-159
-159
-159
-159
-158
-157
-157
-157
-156
-156
-156
-155
-155
-154
-154
-153
-153
-153
-153
-152
-151
-150
-150
-149
-149
-148
-147
-147
-146
-147
-147
-146
-147
-147
-147
-147
-147
-147
-148
-148
-148
-148
-149
-150
-150
-151
-151
-152
-152
-153
-153
-154
-154
-154
-155
-155
-156
-156
-156
-156
-156
-157
-157
-158
-158
-159
-159
-160
-160
-160
-161
-162
-162
-163
-163
-162
-164
-163
-163
-164
-164
-164
-164
-164
-165
-164
-164
-165
-165
-165
-165
-165
-165
-166
-166
-167
-167
-167
-167
-168
-168
-168
-168
-168
-168
-168
-168
-168
-169
-169
-169
-168
-168
-168
-168
-168
-168
-168
-167
-167
-167
-167
-167
-167
-167
-167
-167
-167
-167
-167
-166
-167
-167
-166
-166
-165
-164
-164
-162
-161
-159
-158
-156
-154
-152
-150
-148
-145
-142
-140
-136
-134
-130
-127
-123
-120
-117
-112
-108
-105
-100
-96
-92
-88
-84
-80
-77
-72
-70
-66
-64
-61
-60
-59
-60
-61
-62
-63
-66
-68
-72
-75
-80
-85
-90
-96
-102
-108
-116
-122
-128
-134
-140
-146
-150
-155
-160
-163
-167
-170
-171
-172
-173
-173
-173
-172
-170
-168
-165
-161
-159
-154
-150
-146
-141
-137
-132
-128
-124
-121
-117
-113
-111
-108
-106
-104
-101
-101
-100
-99
-99
-99
-100
-101
-102
-103
-104
-106
-107
-109
-110
-112
-114
-116
-117
-119
-120
-121
-122
-123
-125
-126
-126
-127
-127
-128
-129
-129
-129
-129
-129
-130
-130
-129
-129
-129
-129
-129
-129
-128
-128
-128
-128
-128
-128
-128
-128
-127
-127
-127
-127
-127
-127
-127
-127
-126
-125
-125
-125
-125
-125
-125
-125
-124
-124
-124
-124
-124
-124
-124
-122
-122
-122
-122
-122
-121
-121
-121
-120
-120
-120
-120
-120
-120
-119
-119
-119
-118
-117
-117
-117
-117
-116
-115
-115
-115
-114
-114
-114
-114
-114
-113
-113
-113
-113
-113
-112
-111
-111
-111
-111
-111
-110
-110
-110
-110
-110
-110
-108
-108
-108
-108
-108
-107
-107
-107
-106
-106
-106
-105
-105
-105
-105
-104
-104
-104
-104
-103
-102
-102
-101
-101
-100
-100
-100
-99
-99
-99
-98
-98
-97
-96
-96
-95
-95
-95
-94
-94
-94
-92
-92
-91
-91
-91
-90
-89
-88
-88
-87
-87
-86
-85
-84
-84
-83
-83
-82
-82
-81
-81
-80
-79
-78
-77
-77
-76
-75
-75
-74
-74
-73
-73
-72
-72
-70
-70
-70
-68
-68
-67
-66
-66
-65
-64
-64
-62
-61
-60
-59
-58
-58
-57
-56
-55
-54
-52
-52
-50
-49
-48
-47
-46
-45
-44
-43
-42
-41
-40
-39
-38
-37
-36
-35
-33
-33
-31
-31
-30
-28
-28
-27
-26
-25
-24
-22
-21
-20
-19
-18
-16
-15
-14
-13
-11
-10
-9
-7
-6
-4
-3
-1
0
2
3
4
6
6
7
9
10
12
13
14
16
17
17
19
21
21
23
23
26
26
28
28
30
31
32
33
34
35
36
37
38
39
41
40
42
43
43
44
44
45
45
45
46
46
46
46
46
45
45
45
44
45
44
44
43
42
41
40
39
38
37
35
35
33
33
31
29
27
25
23
22
20
18
15
13
12
9
7
5
2
0
-3
-5
-7
-9
-12
-14
-17
-19
-22
-23
-26
-28
-31
-33
-36
-39
-41
-44
-46
-49
-51
-54
-56
-59
-61
-63
-66
-68
-70
-72
-74
-76
-78
-79
-81
-83
-84
-86
-87
-88
-90
-91
-92
-93
-94
-95
-96
-97
-99
-99
-100
-101
-102
-103
-104
-105
-106
-106
-107
-107
-108
-108
-109
-109
-110
-110
-110
-111
-111
-111
-112
-113
-113
-112
-112
-113
-114
-114
-114
-114
-114
-115
-115
-115
-115
-115
-115
-115
-115
-115
-115
-115
-115
-115
-116
-116
-116
-117
-117
-117
-117
-117
-117
-117
-117
-117
-117
-117
-117
-117
-117
-117
-117
-117
-117
-117
-117
-117
-117
-117
-117
-117
-117
-117
-117
-117
-117
-117
-117
-117
-117
-117
-117
-117
-117
-117
-117
-117
-116
-116
-116
-116
-116
-116
-116
-116
-115
-115
-115
-115
-115
-115
-115
-115
-115
-115
-115
-115
-115
-115
-115
-115
-115
-115
-116
-116
-116
-116
-116
-117
-117
-117
-117
-116
-116
-116
-116
-117
-116
-116
-116
-116
-116
-116
-116
-115
-115
-115
-115
-115
-115
-114
-114
-114
-114
-114
-114
-114
-114
-114
-114
-114
-114
-114
-114
-114
-114
-115
-116
-116
-116
-116
-116
-115
-116
-116
-116
-116
-116
-116
-116
-117
-117
-117
-117
-116
-116
-116
-116
-116
-116
-116
-116
-116
-116
-116
-116
-117
-118
-118
-118
-118
-118
-118
-118
-118
-119
-119
-119
-120
-120
-120
-120
-120
-120
-120
-120
-120
-120
-120
-120
-121
-121
-120
-120
-121
-121
-120
-120
-120
-120
-120
-120
-121
-121
-121
-121
-121
-121
-121
-121
-121
-121
-121
-121
-121
-121
-121
-121
-121
-121
-122
-122
-123
-123
-123
-123
-123
-123
-123
-123
-123
-123
-123
-123
-123
-123
-123
-123
-123
-123
-123
-123
-123
-123
-123
-123
-123
-123
-122
-122
-122
-122
-122
-121
-121
-121
-121
-121
-121
-121
-121
-121
-121
-121
-121
-121
-121
-121
-120
-120
-120
-120
-121
-121
-121
-121
-121
-121
-121
-121
-121
-121
-121
-120
-120
-120
-120
-119
-119
-119
-119
-119
-119
-119
-118
-117
-118
-118
-117
-117
-117
-117
-117
-117
-117
-117
-117
-117
-117
-117
-117
-117
-118
-118
-118
-118
-118
-119
-119
-119
-119
-119
-119
-119
-119
-119
-118
-118
-118
-118
-118
-118
-118
-118
-117
-117
-116
-116
-116
-116
-116
-116
-116
-115
-115
-115
-115
-115
-115
-115
-115
-115
-115
-115
-115
-115
-115
-115
-115
-115
-115
-115
-115
-114
-114
-114
-114
-114
-114
-114
-114
-114
-114
-115
-115
-115
-115
-115
-115
-115
-115
-115
-115
-114
-114
-114
-114
-114
-114
-113
-113
-113
-113
-113
-113
-113
-113
-113
-113
-113
-113
-113
-114
-114
-113
-113
-113
-113
-113
-113
-113
-112
-112
-112
-112
-112
-112
-112
-112
-111
-110
-110
-110
-111
-111
-110
-110
-109
-109
-110
-110
-110
-110
-110
-110
-110
-109
-109
-109
-109
-109
-109
-108
-108
-108
-108
-108
-108
-108
-108
-108
-108
-108
-108
-108
-108
-108
-108
-108
-107
-107
-107
-107
-107
-107
-107
-107
-107
-106
-106
-106
-106
-106
-106
-106
-106
-105
-105
-105
-105
-106
-106
-106
-106
-106
-106
-106
-106
-106
-106
-106
-107
-107
-107
-106
-106
-106
-106
-106
-106
-105
-105
-105
-105
-105
-105
-104
-103
-103
-103
-103
-103
-103
-103
-103
-103
-103
-103
-103
-103
-103
-103
-103
-103
-103
-103
-103
-103
-103
-103
-103
-103
-103
-103
-103
-102
-102
-102
-102
-102
-102
-102
-102
-101
-101
-101
-101
-101
-101
-100
-100
-100
-100
-100
-100
-100
-100
-100
-100
-100
-100
-100
-101
-101
-101
-101
-101
-101
-100
-100
-100
-100
-100
-100
-100
-100
-99
-98
-98
-98
-98
-98
-97
-96
-96
-96
-95
-95
-94
-93
-93
-92
-92
-91
-91
-90
-89
-89
-89
-88
-87
-87
-87
-86
-86
-85
-85
-85
-84
-84
-84
-84
-83
-83
-82
-82
-82
-81
-81
-81
-80
-80
-80
-79
-78
-78
-77
-77
-76
-75
-76
-76
-75
-75
-75
-75
-75
-75
-76
-76
-76
-77
-77
-78
-77
-78
-78
-79
-80
-81
-81
-81
-82
-82
-82
-82
-82
-83
-83
-83
-84
-84
-85
-85
-85
-86
-86
-86
-86
-87
-88
-88
-88
-88
-89
-89
-89
-90
-89
-89
-89
-90
-90
-90
-90
-90
-91
-91
-91
-91
-90
-91
-90
-91
-92
-92
-91
-92
-93
-93
-93
-94
-94
-94
-95
-95
-95
-95
-95
-96
-96
-96
-96
-96
-96
-96
-96
-95
-95
-94
-94
-94
-93
-93
-93
-92
-92
-91
-91
-91
-90
-90
-90
-89
-89
-89
-88
-87
-86
-85
-83
-82
-80
-78
-77
-74
-72
-70
-68
-65
-62
-59
-56
-53
-50
-47
-43
-40
-36
-32
-28
-25
-20
-17
-12
-8
-4
-1
4
7
11
14
17
19
21
21
23
22
22
20
19
16
13
10
5
0
-6
-12
-18
-25
-32
-39
-46
-52
-58
-65
-70
-76
-81
-86
-89
-92
-95
-97
-98
-99
-98
-98
-96
-94
-92
-88
-85
-80
-76
-71
-67
-62
-58
-53
-49
-44
-41
-37
-33
-30
-26
-24
-22
-21
-19
-18
-18
-17
-18
-19
-19
-20
-22
-23
-25
-27
-29
-30
-33
-34
-36
-38
-40
-41
-43
-44
-45
-47
-47
-49
-50
-50
-51
-52
-52
-53
-53
-53
-54
-54
-54
-54
-54
-54
-54
-54
-54
-54
-54
-54
-53
-53
-54
-54
-54
-54
-54
-53
-54
-54
-54
-54
-54
-54
-55
-55
-55
-54
-54
-54
-55
-54
-54
-54
-54
-54
-54
-54
-54
-54
-54
-54
-54
-53
-53
-53
-53
-52
-52
-52
-51
-51
-50
-50
-50
-49
-49
-49
-48
-48
-47
-47
-47
-46
-46
-46
-46
-45
-45
-44
-44
-45
-44
-44
-43
-43
-43
-43
-43
-43
-43
-43
-43
-42
-42
-42
-41
-40
-40
-40
-40
-39
-39
-39
-38
-38
-38
-37
-37
-37
-37
-36
-36
-36
-36
-35
-36
-36
-35
-35
-35
-35
-35
-35
-34
-34
-34
-34
-34
-33
-32
-32
-31
-31
-30
-29
-29
-28
-28
-27
-26
-26
-25
-24
-24
-23
-22
-22
-21
-22
-21
-21
-19
-20
-19
-19
-18
-17
-18
-17
-17
-16
-15
-15
-14
-14
-14
-13
-13
-12
-11
-11
-9
-9
-9
-7
-6
-6
-5
-4
-3
-2
-1
0
0
1
2
2
3
4
5
6
7
8
8
9
10
11
12
13
13
14
15
16
17
18
19
20
21
22
23
24
25
26
28
28
30
30
33
33
35
35
37
37
38
41
41
42
43
45
46
47
48
49
51
52
52
53
55
56
57
58
60
61
62
63
64
65
67
68
69
70
71
72
74
74
76
76
77
77
78
79
80
80
81
82
83
84
85
86
86
87
87
88
89
90
90
91
92
92
93
93
93
94
94
94
94
94
94
93
93
92
92
91
90
89
89
87
86
86
84
84
82
81
79
78
77
76
74
72
71
68
66
65
63
61
58
56
54
52
50
47
45
42
40
37
34
32
29
27
24
22
19
17
14
12
9
7
4
2
0
-3
-5
-7
-9
-11
-13
-16
-17
-19
-21
-23
-26
-26
-29
-31
-32
-34
-35
-36
-38
-40
-41
-42
-43
-44
-45
-46
-47
-48
-50
-50
-52
-52
-53
-54
-55
-55
-56
-57
-57
-58
-58
-60
-60
-61
-61
-61
-61
-62
-62
-63
-63
-63
-63
-63
-63
-64
-64
-64
-64
-65
-65
-64
-64
-63
-63
-63
-63
-64
-64
-64
-63
-63
-63
-63
-63
-63
-63
-63
-64
-64
-64
-64
-64
-64
-64
-64
-65
-65
-65
-65
-65
-65
-66
-66
-66
-66
-65
-66
-66
-66
-66
-66
-66
-66
-66
-66
-65
-65
-65
-65
-65
-65
-65
-65
-64
-64
-64
-64
-64
-64
-64
-64
-64
-64
-64
-64
-64
-64
-64
-64
-64
-64
-65
-65
-65
-65
-65
-65
-65
-66
-66
-66
-66
-66
-67
-67
-67
-67
-66
-67
-67
-67
-67
-67
-67
-68
-68
-68
-68
-68
-68
-68
-69
-69
-69
-69
-68
-68
-68
-68
-68
-68
-68
-68
-68
-68
-68
-68
-68
-68
-68
-68
-68
-68
-68
-68
-68
-68
-69
-69
-69
-69
-69
-69
-69
-69
-70
-70
-70
-70
-71
-71
-71
-71
-72
-73
-73
-73
-73
-73
-73
-73
-73
-73
-73
-72
-72
-72
-72
-72
-72
-71
-71
-71
-71
-71
-71
-71
-71
-71
-71
-71
-70
-70
-70
-71
-72
-72
-72
-72
-72
-72
-72
-73
-73
-73
-73
-73
-73
-74
-74
-74
-74
-74
-75
-75
-75
-75
-75
-76
-76
-76
-76
-77
-77
-77
-77
-77
-77
-77
-77
-77
-77
-77
-77
-77
-77
-77
-77
-77
-78
-78
-78
-78
-78
-78
-78
-78
-79
-79
-79
-79
-79
-79
-79
-80
-80
-80
-80
-80
-80
-80
-80
-80
-80
-80
-80
-79
-79
-79
-80
-80
-80
-80
-80
-80
-80
-80
-80
-80
-80
-80
-80
-80
-80
-80
-80
-80
-80
-80
-80
-80
-80
-80
-80
-80
-80
-80
-80
-81
-81
-81
-81
-81
-81
-81
-81
-81
-81
-81
-81
-81
-81
-81
-81
-81
-80
-80
-80
-80
-79
-79
-79
-79
-79
-79
-79
-79
-79
-79
-79
-79
-79
-79
-79
-79
-79
-80
-80
-80
-80
-80
-80
-80
-80
-80
-80
-80
-80
-81
-81
-81
-81
-81
-81
-81
-81
-82
-82
-82
-82
-82
-83
-82
-82
-82
-82
-83
-83
-83
-83
-83
-84
-84
-84
-84
-84
-84
-84
-84
-84
-84
-84
-84
-84
-84
-84
-84
-84
-84
-84
-84
-84
-84
-84
-84
-84
-84
-85
-85
-85
-85
-85
-85
-85
-85
-85
-85
-85
-85
-85
-85
-85
-85
-85
-85
-85
-85
-85
-84
-84
-84
-84
-84
-84
-84
-85
-84
-84
-84
-83
-84
-84
-84
-84
-84
-84
-83
-83
-82
-82
-82
-82
-82
-82
-82
-82
-82
-82
-82
-81
-81
-82
-83
-83
-83
-83
-82
-82
-82
-82
-83
-83
-83
-83
-83
-83
-83
-83
-83
-83
-83
-83
-83
-83
-83
-84
-84
-84
-84
-84
-84
-84
-84
-84
-84
-84
-84
-84
-84
-84
-84
-85
-85
-84
-84
-84
-84
-84
-84
-84
-84
-84
-84
-84
-84
-84
-84
-84
-83
-83
-83
-83
-83
-83
-83
-84
-84
-84
-84
-84
-84
-84
-85
-85
-85
-85
-85
-85
-85
-85
-85
-85
-86
-86
-86
-86
-86
-86
-86
-86
-86
-86
-86
-86
-86
-86
-86
-86
-85
-85
-85
-85
-84
-84
-84
-83
-83
-82
-81
-81
-80
-80
-80
-79
-78
-78
-77
-77
-77
-76
-76
-76
-75
-75
-75
-75
-75
-75
-73
-73
-73
-73
-73
-73
-72
-72
-72
-72
-72
-72
-72
-71
-71
-70
-70
-69
-69
-69
-68
-68
-68
-67
-67
-67
-67
-67
-68
-68
-68
-69
-69
-69
-69
-70
-71
-71
-72
-74
-74
-75
-75
-76
-76
-77
-77
-77
-77
-78
-78
-78
-78
-79
-79
-79
-80
-80
-80
-80
-81
-82
-82
-82
-82
-84
-84
-83
-83
-85
-84
-84
-84
-84
-85
-85
-85
-85
-85
-86
-86
-86
-86
-87
-87
-87
-87
-88
-88
-88
-88
-89
-89
-89
-89
-91
-91
-91
-91
-91
-91
-91
-91
-91
-91
-91
-91
-91
-91
-91
-90
-90
-90
-90
-89
-89
-89
-89
-89
-88
-87
-87
-87
-87
-86
-86
-86
-86
-85
-84
-83
-82
-81
-80
-78
-76
-74
-72
-70
-68
-66
-63
-61
-58
-56
-52
-49
-46
-42
-39
-36
-32
-28
-24
-21
-16
-12
-8
-4
-1
3
7
11
14
16
18
19
20
20
20
19
18
15
12
9
5
0
-6
-11
-17
-24
-29
-36
-43
-49
-55
-61
-66
-71
-75
-80
-83
-85
-88
-90
-91
-90
-91
-90
-88
-87
-84
-81
-77
-74
-69
-65
-62
-57
-53
-50
-46
-43
-39
-36
-33
-31
-28
-27
-25
-24
-22
-22
-22
-22
-22
-23
-25
-25
-27
-28
-30
-32
-33
-36
-37
-39
-41
-43
-44
-46
-48
-49
-50
-52
-53
-55
-55
-56
-57
-58
-59
-58
-59
-59
-59
-59
-60
-60
-60
-60
-60
-60
-60
-60
-60
-60
-61
-61
-61
-61
-61
-61
-61
-61
-61
-61
-61
-60
-60
-61
-61
-61
-61
-61
-61
-61
-61
-61
-61
-61
-61
-61
-60
-60
-60
-60
-60
-60
-60
-60
-60
-60
-60
-60
-60
-60
-60
-60
-59
-59
-59
-59
-59
-58
-58
-58
-57
-57
-57
-57
-56
-56
-56
-56
-55
-55
-55
-55
-53
-53
-53
-53
-52
-52
-52
-52
-52
-51
-51
-51
-51
-51
-50
-50
-50
-49
-49
-49
-48
-48
-48
-47
-47
-47
-46
-46
-46
-46
-45
-45
-45
-44
-44
-44
-43
-43
-43
-43
-42
-42
-42
-42
-41
-41
-41
-40
-40
-40
-40
-39
-39
-39
-38
-38
-38
-37
-37
-36
-36
-35
-35
-35
-34
-33
-33
-32
-32
-31
-31
-30
-29
-29
-28
-27
-26
-25
-25
-24
-23
-23
-22
-22
-21
-20
-20
-19
-19
-18
-18
-17
-17
-16
-16
-15
-15
-14
-13
-13
-12
-11
-10
-10
-10
-9
-8
-7
-6
-5
-4
-3
-2
-1
0
1
2
3
5
6
7
8
9
10
12
13
13
15
16
17
18
19
20
21
22
23
25
26
27
28
29
30
32
33
34
35
36
38
39
40
41
42
44
45
46
47
48
49
50
52
53
54
56
57
58
60
61
62
64
65
66
67
69
69
70
72
73
75
75
77
78
78
79
79
80
80
82
83
84
84
85
86
86
87
88
88
89
89
89
90
90
90
89
90
90
90
89
90
89
89
88
88
87
86
85
84
83
82
81
80
79
78
77
76
74
72
70
68
66
64
62
60
57
56
52
50
48
46
44
41
38
36
33
31
28
25
23
20
18
16
13
11
8
6
2
1
-1
-4
-6
-10
-12
-14
-16
-18
-21
-23
-25
-28
-30
-32
-34
-36
-37
-40
-41
-43
-45
-46
-48
-49
-51
-52
-53
-54
-56
-57
-58
-59
-60
-61
-61
-62
-64
-64
-65
-66
-66
-67
-67
-68
-68
-68
-69
-69
-70
-71
-71
-71
-72
-72
-72
-72
-73
-73
-73
-73
-73
-73
-73
-75
-75
-75
-75
-75
-75
-75
-76
-76
-76
-77
-77
-77
-77
-77
-77
-77
-78
-78
-77
-77
-77
-77
-78
-78
-78
-78
-78
-78
-78
-78
-78
-78
-77
-77
-77
-77
-77
-76
-77
-77
-77
-76
-76
-76
-76
-76
-76
-76
-76
-76
-76
-75
-75
-75
-75
-75
-75
-75
-75
-75
-76
-76
-76
-76
-76
-76
-77
-77
-77
-76
-76
-77
-77
-78
-78
-78
-78
-79
-79
-79
-79
-79
-78
-78
-78
-78
-78
-78
-78
-77
-77
-77
-78
-78
-78
-78
-78
-78
-77
-78
-78
-78
-78
-78
-78
-78
-78
-78
-78
-78
-78
-78
-78
-78
-79
-79
-78
-78
-78
-78
-78
-78
-78
-78
-78
-78
-78
-79
-79
-79
-79
-79
-79
-79
-79
-80
-80
-80
-80
-80
-80
-80
-80
-80
-80
-80
-80
-80
-80
-81
-81
-81
-81
-81
-81
-81
-82
-82
-82
-82
-82
-82
-83
-83
-83
-84
-85
-85
-84
-84
-85
-85
-85
-85
-85
-85
-85
-85
-85
-85
-85
-85
-85
-85
-85
-86
-85
-85
-85
-85
-85
-85
-85
-85
-85
-85
-86
-86
-86
-86
-86
-86
-86
-87
-88
-88
-88
-87
-87
-87
-87
-88
-88
-88
-88
-88
-88
-88
-88
-88
-88
-88
-89
-89
-89
-89
-89
-89
-89
-89
-90
-89
-89
-89
-89
-89
-89
-89
-89
-89
-89
-90
-90
-90
-89
-89
-90
-90
-90
-90
-90
-90
-91
-91
-91
-91
-91
-91
-91
-91
-92
-92
-92
-92
-92
-92
-92
-92
-92
-91
-91
-91
-91
-93
-93
-93
-93
-92
-92
-92
-92
-92
-92
-92
-92
-92
-92
-92
-91
-91
-91
-91
-92
-92
-92
-92
-92
-92
-92
-92
-92
-92
-92
-92
-92
-92
-92
-92
-93
-93
-93
-93
-93
-93
-94
-94
-94
-94
-94
-94
-94
-94
-94
-94
-94
-94
-94
-94
-94
-94
-94
-94
-94
-94
-94
-94
-94
-94
-94
-94
-94
-94
-93
-93
-93
-93
-93
-93
-93
-93
-93
-93
-94
-94
-94
-94
-94
-94
-94
-94
-94
-94
-94
-94
-94
-93
-93
-93
-94
-94
-94
-94
-94
-94
-94
-94
-94
-94
-94
-94
-94
-94
-94
-94
-94
-94
-94
-94
-94
-94
-94
-94
-94
-94
-94
-94
-94
-94
-94
-94
-94
-94
-94
-94
-94
-94
-94
-95
-95
-95
-95
-95
-95
-95
-95
-95
-95
-95
-95
-95
-95
-95
-95
-95
-95
-95
-95
-95
-95
-95
-95
-95
-95
-95
-95
-96
-96
-96
-96
-96
-96
-96
-96
-96
-96
-96
-96
-96
-96
-96
-96
-96
-97
-97
-97
-97
-97
-97
-97
-97
-97
-97
-97
-97
-97
-97
-97
-97
-97
-97
-97
-97
-97
-97
-97
-97
-96
-96
-96
-96
-96
-96
-96
-96
-96
-96
-96
-95
-95
-95
-96
-96
-96
-96
-96
-96
-96
-96
-96
-96
-96
-96
-96
-96
-96
-96
-97
-97
-97
-97
-97
-97
-97
-97
-97
-97
-97
-97
-97
-97
-97
-97
-96
-96
-97
-97
-97
-97
-97
-97
-97
-97
-97
-97
-97
-97
-97
-97
-97
-98
-98
-98
-98
-98
-98
-98
-98
-98
-98
-98
-98
-98
-98
-98
-98
-98
-98
-98
-98
-98
-98
-98
-98
-98
-97
-97
-97
-97
-97
-97
-97
-97
-97
-97
-97
-97
-96
-96
-96
-96
-94
-94
-93
-93
-93
-92
-92
-91
-91
-90
-90
-89
-89
-88
-88
-88
-88
-87
-87
-87
-86
-86
-86
-86
-86
-86
-86
-86
-85
-85
-85
-85
-85
-85
-84
-85
-84
-84
-83
-83
-82
-82
-82
-82
-81
-81
-81
-81
-81
-81
-81
-81
-82
-82
-83
-83
-84
-84
-84
-85
-85
-86
-86
-87
-87
-88
-88
-88
-88
-89
-89
-89
-90
-90
-91
-91
-91
-93
-93
-94
-94
-94
-95
-95
-96
-97
-98
-97
-98
-99
-98
-99
-99
-99
-100
-100
-100
-101
-101
-100
-100
-101
-102
-101
-102
-101
-102
-102
-102
-103
-103
-103
-103
-104
-104
-104
-105
-105
-105
-105
-105
-105
-105
-105
-106
-106
-106
-106
-105
-105
-105
-105
-105
-105
-105
-105
-105
-106
-105
-105
-105
-105
-105
-104
-104
-104
-103
-103
-103
-102
-102
-100
-99
-98
-97
-96
-95
-92
-91
-89
-86
-85
-82
-81
-78
-75
-72
-69
-66
-63
-59
-55
-51
-47
-43
-39
-35
-31
-27
-22
-19
-15
-11
-7
-5
-3
-1
0
0
0
-1
-2
-3
-6
-9
-13
-17
-22
-28
-33
-40
-46
-52
-59
-66
-72
-78
-84
-89
-94
-99
-102
-106
-109
-112
-113
-113
-114
-114
-114
-112
-110
-108
-104
-101
-97
-94
-89
-85
-81
-77
-72
-69
-64
-61
-58
-55
-52
-49
-47
-46
-44
-43
-43
-42
-43
-43
-45
-45
-46
-47
-49
-51
-52
-54
-56
-58
-60
-61
-63
-64
-66
-68
-69
-70
-71
-72
-73
-73
-74
-75
-76
-76
-76
-77
-77
-77
-77
-77
-77
-77
-77
-77
-77
-77
-77
-77
-77
-77
-77
-76
-75
-75
-76
-76
-76
-76
-76
-76
-76
-76
-76
-76
-76
-76
-76
-76
-77
-77
-77
-77
-78
-78
-77
-77
-77
-77
-77
-77
-77
-76
-76
-76
-76
-76
-76
-75
-75
-75
-75
-75
-73
-73
-74
-74
-73
-72
-72
-71
-71
-71
-71
-71
-71
-71
-71
-71
-71
-69
-69
-69
-69
-69
-69
-69
-68
-68
-68
-68
-68
-68
-68
-67
-67
-67
-67
-66
-66
-66
-65
-65
-65
-64
-64
-64
-63
-63
-62
-62
-62
-61
-61
-60
-59
-60
-60
-59
-58
-58
-58
-58
-58
-57
-56
-56
-57
-56
-56
-56
-54
-54
-54
-54
-54
-53
-53
-52
-52
-51
-51
-50
-50
-49
-49
-48
-48
-47
-47
-46
-45
-45
-44
-44
-43
-43
-42
-41
-41
-40
-39
-39
-38
-37
-36
-36
-35
-34
-33
-32
-31
-30
-29
-28
-28
-27
-26
-25
-24
-24
-23
-22
-21
-20
-20
-19
-19
-18
-17
-17
-16
-15
-15
-14
-13
-13
-11
-10
-10
-9
-7
-6
-5
-5
-4
-2
-1
0
1
3
3
4
7
7
8
11
11
12
14
15
16
18
19
20
22
23
24
26
27
28
29
31
31
33
34
36
36
37
39
40
41
42
43
45
46
47
48
50
51
52
53
54
55
56
58
59
60
61
62
63
64
65
66
67
68
69
68
69
70
71
72
73
73
73
75
75
75
76
77
77
77
78
77
77
77
77
77
77
76
76
77
76
75
75
74
72
72
70
69
68
67
66
64
63
62
60
58
56
53
51
49
47
44
42
39
38
35
33
30
27
25
22
19
17
14
11
9
6
3
1
-2
-4
-7
-10
-12
-15
-17
-20
-23
-26
-28
-30
-32
-35
-37
-39
-41
-43
-45
-47
-49
-50
-52
-54
-56
-58
-60
-61
-63
-64
-65
-67
-68
-69
-71
-73
-74
-75
-76
-77
-78
-80
-80
-81
-82
-83
-83
-84
-85
-85
-86
-86
-88
-88
-88
-89
-89
-89
-90
-91
-91
-91
-91
-91
-92
-92
-92
-92
-93
-93
-93
-93
-94
-94
-94
-94
-94
-94
-94
-94
-94
-95
-95
-95
-95
-95
-95
-95
-95
-95
-95
-95
-95
-95
-95
-95
-96
-96
-97
-97
-97
-97
-97
-97
-97
-97
-97
-97
-97
-97
-97
-97
-97
-97
-97
-98
-98
-98
-97
-97
-97
-97
-97
-97
-97
-97
-97
-97
-97
-97
-97
-96
-96
-95
-95
-95
-95
-95
-94
-94
-94
-94
-94
-94
-94
-94
-95
-94
-94
-94
-94
-94
-94
-94
-94
-94
-94
-94
-95
-96
-96
-96
-96
-96
-96
-96
-96
-97
-97
-97
-97
-97
-97
-97
-97
-97
-97
-97
-97
-97
-97
-97
-97
-97
-97
-97
-97
-97
-97
-97
-97
-97
-97
-97
-97
-97
-97
-97
-97
-98
-98
-98
-98
-98
-98
-98
-98
-98
-98
-99
-99
-99
-99
-99
-99
-99
-99
-99
-99
-99
-100
-100
-100
-100
-100
-100
-101
-101
-101
-101
-101
-101
-101
-101
-101
-101
-101
-101
-101
-102
-102
-102
-102
-102
-102
-102
-102
-103
-103
-103
-103
-103
-104
-104
-104
-104
-104
-104
-104
-104
-105
-105
-105
-105
-105
-105
-105
-105
-106
-106
-106
-105
-105
-105
-105
-105
-105
-105
-104
-104
-104
-104
-104
-104
-104
-104
-104
-104
-104
-104
-104
-104
-104
-104
-104
-105
-105
-105
-105
-105
-105
-105
-105
-105
-105
-106
-106
-106
-106
-106
-106
-106
-106
-106
-106
-106
-106
-107
-107
-107
-107
-107
-107
-107
-107
-107
-107
-107
-108
-108
-107
-107
-107
-107
-107
-107
-107
-107
-107
-107
-107
-107
-107
-107
-107
-107
-107
-108
-108
-108
-108
-108
-108
-108
-108
-108
-108
-109
-109
-110
-110
-110
-110
-110
-110
-109
-109
-109
-110
-110
-110
-110
-110
-110
-110
-110
-110
-109
-109
-109
-109
-109
-109
-108
-108
-108
-108
-108
-108
-108
-108
-108
-108
-108
-108
-108
-108
-108
-108
-108
-108
-108
-107
-108
-108
-108
-108
-108
-108
-108
-108
-108
-108
-108
-107
-107
-107
-108
-108
-108
-108
-108
-108
-108
-108
-108
-108
-108
-108
-109
-109
-109
-109
-109
-109
-109
-109
-109
-110
-110
-110
-110
-110
-110
-110
-110
-110
-110
-110
-110
-110
-110
-110
-110
-110
-110
-110
-110
-110
-110
-110
-110
-110
-110
-110
-110
-110
-109
-109
-110
-110
-110
-110
-111
-111
-111
-111
-111
-111
-111
-111
-111
-111
-112
-112
-112
-112
-112
-112
-111
-111
-111
-111
-112
-112
-112
-112
-111
-111
-111
-111
-111
-111
-111
-110
-110
-110
-110
-110
-109
-109
-110
-110
-110
-109
-108
-109
-109
-109
-109
-109
-109
-109
-109
-109
-109
-109
-109
-109
-109
-109
-110
-110
-110
-110
-110
-110
-110
-110
-110
-110
-110
-110
-110
-110
-110
-110
-111
-111
-111
-111
-111
-111
-111
-111
-111
-111
-111
-111
-110
-110
-110
-110
-111
-111
-111
-111
-111
-110
-110
-110
-110
-110
-110
-110
-110
-110
-110
-110
-110
-110
-111
-111
-111
-111
-111
-112
-112
-112
-112
-112
-112
-112
-112
-112
-112
-112
-112
-112
-112
-112
-112
-112
-112
-112
-112
-112
-113
-112
-112
-112
-112
-112
-112
-112
-111
-111
-111
-111
-111
-111
-111
-111
-111
-111
-111
-111
-111
-111
-111
-109
-109
-109
-109
-108
-108
-108
-107
-107
-106
-106
-105
-105
-105
-104
-104
-103
-103
-103
-102
-102
-102
-102
-101
-101
-101
-101
-101
-101
-100
-100
-100
-99
-99
-99
-99
-98
-98
-98
-97
-98
-96
-96
-96
-95
-95
-95
-94
-94
-93
-93
-94
-93
-93
-93
-93
-94
-95
-95
-95
-95
-96
-97
-97
-98
-99
-99
-100
-100
-101
-101
-102
-102
-102
-103
-103
-103
-104
-104
-104
-104
-105
-105
-105
-106
-106
-106
-107
-107
-107
-108
-108
-108
-109
-109
-110
-111
-111
-111
-111
-112
-111
-112
-112
-112
-112
-113
-113
-113
-112
-113
-113
-113
-113
-113
-113
-113
-113
-113
-114
-114
-114
-114
-114
-114
-114
-114
-114
-114
-115
-115
-115
-114
-114
-114
-114
-114
-114
-114
-114
-113
-113
-113
-113
-113
-113
-113
-113
-113
-113
-113
-113
-113
-112
-111
-111
-110
-108
-107
-106
-105
-103
-101
-99
-97
-95
-93
-91
-88
-85
-82
-80
-77
-74
-70
-67
-64
-61
-57
-54
-50
-47
-43
-39
-35
-31
-28
-24
-20
-17
-14
-11
-8
-8
-6
-6
-6
-7
-8
-10
-11
-15
-18
-23
-29
-34
-39
-46
-52
-59
-66
-73
-80
-86
-92
-97
-102
-107
-110
-115
-117
-119
-121
-122
-123
-122
-121
-120
-118
-115
-112
-108
-104
-100
-95
-91
-86
-82
-77
-73
-68
-65
-61
-58
-55
-52
-50
-48
-47
-46
-45
-45
-45
-45
-46
-47
-49
-49
-51
-53
-55
-57
-59
-61
-63
-65
-67
-69
-71
-73
-74
-76
-77
-79
-80
-81
-82
-83
-84
-83
-84
-85
-85
-85
-86
-86
-86
-86
-86
-86
-86
-87
-87
-87
-87
-87
-87
-87
-87
-88
-87
-87
-87
-87
-87
-87
-87
-87
-87
-87
-87
-87
-87
-87
-87
-86
-86
-86
-86
-86
-86
-86
-85
-85
-85
-85
-85
-84
-84
-84
-84
-84
-84
-83
-83
-82
-82
-82
-82
-82
-81
-81
-81
-81
-81
-81
-80
-80
-80
-80
-79
-79
-79
-79
-79
-78
-78
-78
-78
-78
-77
-77
-77
-77
-77
-76
-76
-76
-76
-75
-75
-75
-75
-75
-74
-74
-74
-74
-73
-73
-73
-73
-72
-72
-72
-72
-72
-71
-70
-70
-70
-70
-69
-69
-69
-69
-69
-69
-69
-69
-68
-67
-67
-68
-67
-67
-67
-66
-66
-65
-65
-65
-64
-64
-64
-63
-63
-62
-62
-61
-61
-60
-59
-58
-58
-57
-57
-56
-55
-55
-54
-54
-53
-53
-52
-52
-51
-49
-50
-49
-49
-48
-47
-47
-45
-46
-45
-44
-44
-43
-42
-42
-41
-40
-40
-39
-39
-38
-38
-37
-36
-35
-34
-33
-32
-31
-31
-30
-29
-28
-27
-27
-26
-25
-24
-23
-22
-21
-20
-19
-18
-17
-16
-15
-14
-13
-12
-11
-10
-9
-8
-7
-6
-5
-3
-2
-1
0
2
3
3
4
6
7
8
10
11
12
13
15
15
17
17
19
19
20
21
23
24
25
26
27
28
29
30
31
32
33
35
36
37
38
39
41
42
42
43
45
46
47
48
49
49
50
51
52
52
53
54
53
54
54
55
56
56
56
57
57
57
57
57
57
57
57
57
56
56
55
54
54
53
52
51
51
50
50
48
47
45
44
42
40
39
37
35
34
32
30
28
25
23
21
19
17
14
12
9
7
4
1
0
-3
-6
-8
-11
-14
-16
-18
-21
-24
-26
-29
-31
-34
-36
-38
-42
-44
-46
-48
-50
-52
-54
-57
-59
-61
-62
-64
-66
-68
-70
-72
-73
-75
-76
-78
-79
-81
-82
-84
-85
-86
-87
-88
-90
-91
-91
-92
-93
-94
-94
-95
-96
-97
-97
-98
-98
-98
-99
-100
-100
-101
-101
-101
-101
-102
-102
-102
-102
-103
-103
-104
-104
-104
-104
-104
-104
-104
-104
-104
-105
-105
-105
-105
-105
-105
-105
-105
-106
-106
-106
-106
-106
-106
-106
-106
-106
-107
-107
-107
-107
-107
-107
-107
-107
-107
-107
-108
-108
-108
-108
-108
-107
-107
-107
-107
-107
-107
-107
-107
-107
-107
-107
-107
-108
-107
-107
-107
-107
-107
-107
-107
-107
-107
-107
-107
-106
-106
-106
-106
-106
-106
-106
-106
-107
-107
-107
-107
-107
-107
-107
-107
-107
-107
-108
-108
-108
-108
-108
-108
-108
-108
-108
-108
-108
-108
-108
-108
-108
-108
-108
-108
-108
-108
-108
-108
-108
-108
-108
-108
-108
-108
-108
-108
-108
-108
-108
-108
-108
-108
-108
-108
-108
-108
-108
-108
-108
-109
-109
-109
-109
-109
-109
-109
-110
-110
-110
-110
-110
-110
-110
-110
-110
-110
-110
-110
-110
-110
-110
-110
-110
-110
-110
-110
-111
-111
-111
-111
-111
-111
-111
-111
-111
-111
-111
-111
-111
-111
-111
-112
-112
-112
-112
-112
-112
-112
-112
-112
-112
-112
-112
-112
-112
-113
-112
-112
-112
-112
-112
-111
-111
-111
-111
-110
-111
-111
-111
-110
-110
-110
-109
-108
-108
-108
-108
-107
-107
-107
-107
-107
-107
-107
-107
-108
-108
-108
-107
-108
-108
-108
-108
-108
-107
-107
-107
-107
-107
-107
-107
-107
-107
-107
-107
-107
-107
-107
-107
-107
-106
-106
-106
-106
-106
-106
-106
-106
-106
-106
-106
-106
-106
-106
-106
-106
-106
-106
-106
-106
-106
-106
-106
-105
-105
-105
-105
-105
-105
-105
-105
-105
-106
-105
-104
-104
-104
-104
-104
-104
-104
-105
-105
-106
-105
-105
-105
-105
-105
-105
-106
-106
-106
-106
-106
-106
-106
-106
-106
-107
-107
-107
-107
-107
-107
-107
-106
-106
-106
-106
-106
-106
-106
-106
-106
-106
-106
-106
-107
-107
-107
-107
-107
-107
-107
-107
-107
-107
-107
-107
-107
-107
-107
-107
-107
-108
-108
-108
-108
-108
-108
-108
-109
-109
-109
-109
-109
-109
-109
-109
-109
-109
-109
-108
-108
-108
-108
-108
-108
-108
-108
-108
-107
-107
-107
-107
-107
-107
-107
-107
-107
-107
-107
-107
-108
-107
-107
-107
-107
-107
-107
-107
-107
-107
-107
-107
-106
-106
-106
-106
-106
-106
-106
-106
-106
-106
-106
-106
-106
-106
-106
-106
-106
-107
-107
-107
-107
-107
-107
-107
-108
-108
-108
-108
-108
-108
-108
-108
-108
-108
-108
-108
-109
-109
-109
-109
-108
-108
-108
-108
-108
-108
-108
-108
-108
-108
-108
-108
-108
-108
-108
-108
-108
-108
-109
-109
-109
-109
-109
-109
-109
-109
-109
-109
-109
-109
-109
-109
-109
-109
-109
-109
-109
-109
-109
-109
-109
-109
-109
-109
-109
-109
-109
-109
-109
-109
-109
-109
-109
-109
-109
-109
-109
-110
-110
-110
-110
-110
-110
-111
-111
-110
-110
-111
-111
-111
-111
-110
-110
-110
-110
-110
-110
-110
-110
-110
-110
-110
-110
-110
-109
-109
-109
-109
-109
-109
-110
-110
-110
-110
-111
-111
-111
-111
-110
-110
-110
-110
-110
-110
-110
-110
-110
-110
-110
-110
-110
-110
-109
-110
-110
-110
-110
-110
-110
-110
-110
-110
-110
-110
-111
-111
-111
-111
-111
-110
-110
-110
-110
-110
-110
-110
-110
-110
-111
-111
-111
-111
-110
-110
-110
-110
-110
-110
-110
-111
-111
-111
-111
-111
-111
-111
-111
-111
-111
-111
-111
-110
-111
-111
-111
-111
-111
-111
-109
-109
-109
-109
-109
-109
-109
-108
-108
-108
-107
-107
-107
-106
-106
-106
-105
-105
-104
-104
-104
-103
-103
-103
-103
-102
-102
-101
-101
-101
-101
-100
-100
-100
-100
-99
-99
-99
-99
-99
-98
-98
-98
-98
-97
-97
-96
-96
-96
-95
-95
-94
-94
-94
-94
-95
-95
-95
-95
-96
-96
-96
-97
-97
-98
-99
-99
-100
-100
-101
-101
-102
-102
-102
-104
-104
-104
-104
-104
-104
-105
-106
-106
-107
-107
-107
-108
-108
-109
-110
-110
-111
-111
-111
-112
-112
-114
-113
-114
-115
-115
-116
-115
-115
-116
-116
-116
-116
-117
-117
-117
-117
-117
-117
-117
-118
-118
-118
-118
-118
-119
-119
-119
-119
-119
-119
-120
-120
-120
-120
-120
-120
-120
-120
-120
-120
-120
-121
-121
-121
-121
-121
-120
-120
-120
-120
-120
-120
-120
-120
-120
-120
-120
-120
-119
-119
-119
-118
-118
-117
-116
-116
-115
-113
-112
-110
-109
-107
-105
-103
-101
-98
-96
-94
-91
-88
-86
-82
-79
-76
-73
-68
-65
-61
-57
-53
-49
-45
-41
-36
-33
-29
-25
-22
-18
-16
-14
-12
-11
-11
-11
-12
-13
-15
-18
-21
-25
-30
-35
-40
-47
-53
-59
-65
-72
-78
-84
-90
-96
-101
-105
-110
-114
-117
-120
-122
-124
-124
-125
-124
-123
-122
-119
-116
-114
-110
-106
-103
-99
-94
-91
-87
-83
-79
-75
-72
-69
-66
-63
-62
-60
-58
-58
-57
-56
-57
-57
-57
-58
-60
-60
-62
-63
-65
-66
-68
-70
-71
-73
-74
-76
-77
-79
-80
-82
-82
-84
-84
-85
-86
-86
-87
-87
-88
-88
-88
-89
-89
-89
-89
-89
-89
-89
-89
-89
-90
-90
-90
-90
-90
-90
-90
-91
-91
-91
-91
-90
-90
-90
-90
-90
-91
-91
-91
-91
-91
-91
-91
-91
-91
-90
-90
-90
-89
-89
-89
-89
-89
-89
-89
-89
-89
-89
-88
-88
-88
-88
-88
-88
-88
-87
-87
-86
-86
-86
-87
-87
-87
-86
-86
-86
-86
-86
-85
-85
-84
-84
-85
-85
-84
-84
-83
-83
-83
-83
-82
-82
-82
-82
-81
-81
-81
-81
-81
-80
-80
-80
-79
-79
-79
-78
-77
-78
-78
-77
-77
-76
-75
-75
-75
-74
-74
-74
-73
-73
-72
-72
-72
-71
-71
-71
-70
-70
-70
-69
-69
-68
-68
-68
-67
-67
-66
-66
-66
-65
-65
-65
-64
-64
-64
-64
-63
-63
-63
-62
-62
-61
-61
-60
-60
-59
-59
-58
-58
-57
-56
-56
-55
-54
-54
-53
-52
-51
-51
-50
-49
-49
-48
-48
-46
-45
-45
-44
-44
-43
-42
-42
-41
-40
-40
-39
-38
-37
-37
-36
-35
-34
-34
-32
-32
-31
-29
-29
-28
-26
-26
-25
-23
-23
-22
-20
-20
-18
-16
-16
-14
-13
-13
-12
-10
-10
-9
-8
-7
-6
-4
-3
-2
-1
0
1
2
3
5
6
7
8
9
10
11
13
14
15
16
17
18
20
21
22
23
25
26
27
29
30
31
33
34
36
37
38
39
41
42
42
43
43
45
46
47
48
49
50
51
52
52
53
54
55
56
57
57
58
59
59
60
61
61
61
62
62
62
62
62
62
62
62
61
61
60
60
59
58
57
56
55
54
53
53
50
49
49
47
45
44
43
41
39
37
35
33
32
29
27
25
22
20
18
15
13
10
8
5
3
0
-2
-5
-7
-10
-12
-14
-18
-20
-23
-25
-28
-30
-33
-35
-38
-41
-44
-46
-48
-51
-53
-55
-57
-60
-62
-64
-66
-68
-69
-71
-73
-74
-77
-77
-79
-81
-82
-83
-84
-85
-86
-87
-88
-89
-90
-90
-92
-93
-94
-94
-95
-96
-97
-98
-98
-99
-99
-100
-101
-102
-102
-103
-103
-103
-104
-104
-104
-106
-106
-106
-107
-107
-107
-107
-107
-108
-108
-108
-108
-108
-108
-108
-109
-109
-109
-109
-109
-109
-109
-109
-109
-109
-110
-110
-110
-110
-110
-110
-111
-111
-111
-111
-110
-110
-110
-110
-110
-110
-110
-110
-110
-110
-110
-110
-110
-110
-110
-110
-110
-110
-110
-110
-110
-110
-110
-110
-110
-110
-110
-110
-110
-110
-110
-110
-110
-111
-111
-111
-111
-111
-111
-111
-110
-111
-111
-111
-111
-111
-111
-111
-111
-111
-111
-111
-111
-111
-111
-111
-111
-111
-111
-110
-110
-110
-110
-110
-110
-110
-110
-110
-110
-110
-110
-110
-110
-110
-110
-110
-110
-110
-110
-110
-110
-110
-110
-110
-110
-111
-111
-111
-111
-111
-111
-111
-111
-111
-112
-113
-113
-112
-112
-112
-112
-112
-112
-112
-112
-112
